 0.10000000E+01  0.16768861E-12
 0.10030759E+01  0.10474547E-12
 0.10061612E+01  0.75701821E-13
 0.10092560E+01  0.58987221E-13
 0.10123603E+01  0.48129335E-13
 0.10154742E+01  0.40511428E-13
 0.10185976E+01  0.34873514E-13
 0.10217307E+01  0.30533928E-13
 0.10248734E+01  0.27091682E-13
 0.10280258E+01  0.24295483E-13
 0.10311878E+01  0.21979842E-13
 0.10343596E+01  0.20031335E-13
 0.10375412E+01  0.18369617E-13
 0.10407325E+01  0.16936187E-13
 0.10439336E+01  0.15687431E-13
 0.10471446E+01  0.14590178E-13
 0.10503655E+01  0.13618743E-13
 0.10535963E+01  0.12752933E-13
 0.10568370E+01  0.11976653E-13
 0.10600877E+01  0.11276916E-13
 0.10633483E+01  0.10643126E-13
 0.10666191E+01  0.10066554E-13
 0.10698998E+01  0.95399460E-14
 0.10731907E+01  0.90572190E-14
 0.10764917E+01  0.86132381E-14
 0.10798028E+01  0.82036372E-14
 0.10831241E+01  0.78246805E-14
 0.10864557E+01  0.74731530E-14
 0.10897974E+01  0.71462725E-14
 0.10931495E+01  0.68416195E-14
 0.10965119E+01  0.65570796E-14
 0.10998846E+01  0.62907974E-14
 0.11032677E+01  0.60411375E-14
 0.11066612E+01  0.58066533E-14
 0.11100651E+01  0.55860603E-14
 0.11134795E+01  0.53782142E-14
 0.11169044E+01  0.51820919E-14
 0.11203398E+01  0.49967766E-14
 0.11237859E+01  0.48214435E-14
 0.11272425E+01  0.46553494E-14
 0.11307097E+01  0.44978221E-14
 0.11341876E+01  0.43482526E-14
 0.11376762E+01  0.42060879E-14
 0.11411755E+01  0.40708244E-14
 0.11446856E+01  0.39420027E-14
 0.11482065E+01  0.38192028E-14
 0.11517382E+01  0.37020401E-14
 0.11552808E+01  0.35901616E-14
 0.11588343E+01  0.34832428E-14
 0.11623987E+01  0.33809850E-14
 0.11659741E+01  0.32831126E-14
 0.11695605E+01  0.31893708E-14
 0.11731579E+01  0.30995242E-14
 0.11767663E+01  0.30133545E-14
 0.11803859E+01  0.29306591E-14
 0.11840166E+01  0.28512499E-14
 0.11876585E+01  0.27749518E-14
 0.11913115E+01  0.27016018E-14
 0.11949758E+01  0.26310478E-14
 0.11986514E+01  0.25631477E-14
 0.12023383E+01  0.24977689E-14
 0.12060365E+01  0.24347872E-14
 0.12097461E+01  0.23740862E-14
 0.12134671E+01  0.23155568E-14
 0.12171996E+01  0.22590967E-14
 0.12209435E+01  0.22046096E-14
 0.12246989E+01  0.21520050E-14
 0.12284659E+01  0.21011979E-14
 0.12322445E+01  0.20521080E-14
 0.12360347E+01  0.20046597E-14
 0.12398366E+01  0.19587816E-14
 0.12436502E+01  0.19144064E-14
 0.12474755E+01  0.18714704E-14
 0.12513125E+01  0.18299133E-14
 0.12551614E+01  0.17896781E-14
 0.12590221E+01  0.17507110E-14
 0.12628946E+01  0.17129607E-14
 0.12667791E+01  0.16763786E-14
 0.12706756E+01  0.16409189E-14
 0.12745840E+01  0.16065377E-14
 0.12785044E+01  0.15731935E-14
 0.12824369E+01  0.15408469E-14
 0.12863815E+01  0.15094602E-14
 0.12903382E+01  0.14789977E-14
 0.12943071E+01  0.14494255E-14
 0.12982882E+01  0.14207110E-14
 0.13022816E+01  0.13928233E-14
 0.13062872E+01  0.13657330E-14
 0.13103052E+01  0.13394118E-14
 0.13143355E+01  0.13138331E-14
 0.13183782E+01  0.12889710E-14
 0.13224333E+01  0.12648012E-14
 0.13265010E+01  0.12413002E-14
 0.13305811E+01  0.12184455E-14
 0.13346738E+01  0.11962158E-14
 0.13387790E+01  0.11745905E-14
 0.13428969E+01  0.11535500E-14
 0.13470275E+01  0.11330755E-14
 0.13511708E+01  0.11131490E-14
 0.13553268E+01  0.10937533E-14
 0.13594956E+01  0.10748717E-14
 0.13636772E+01  0.10564885E-14
 0.13678716E+01  0.10385883E-14
 0.13720790E+01  0.10211566E-14
 0.13762993E+01  0.10041793E-14
 0.13805326E+01  0.98764310E-15
 0.13847790E+01  0.97153493E-15
 0.13890384E+01  0.95584244E-15
 0.13933108E+01  0.94055369E-15
 0.13975965E+01  0.92565723E-15
 0.14018953E+01  0.91114205E-15
 0.14062073E+01  0.89699757E-15
 0.14105326E+01  0.88321362E-15
 0.14148712E+01  0.86978044E-15
 0.14192231E+01  0.85668861E-15
 0.14235885E+01  0.84392910E-15
 0.14279672E+01  0.83149323E-15
 0.14323594E+01  0.81937263E-15
 0.14367652E+01  0.80755927E-15
 0.14411845E+01  0.79604544E-15
 0.14456173E+01  0.78482370E-15
 0.14500639E+01  0.77388691E-15
 0.14545241E+01  0.76322822E-15
 0.14589980E+01  0.75284102E-15
 0.14634856E+01  0.74271899E-15
 0.14679871E+01  0.73285604E-15
 0.14725024E+01  0.72324633E-15
 0.14770316E+01  0.71388425E-15
 0.14815748E+01  0.70476443E-15
 0.14861319E+01  0.69588169E-15
 0.14907030E+01  0.68723111E-15
 0.14952882E+01  0.67880796E-15
 0.14998875E+01  0.67060770E-15
 0.15045009E+01  0.66262601E-15
 0.15091286E+01  0.65485877E-15
 0.15137704E+01  0.64730203E-15
 0.15184266E+01  0.63995204E-15
 0.15230970E+01  0.63280525E-15
 0.15277819E+01  0.62585828E-15
 0.15324811E+01  0.61910791E-15
 0.15371948E+01  0.61255115E-15
 0.15419230E+01  0.60618514E-15
 0.15466657E+01  0.60000721E-15
 0.15514231E+01  0.59401489E-15
 0.15561950E+01  0.58820585E-15
 0.15609817E+01  0.58257795E-15
 0.15657830E+01  0.57712925E-15
 0.15705991E+01  0.57185795E-15
 0.15754301E+01  0.56676246E-15
 0.15802759E+01  0.56184136E-15
 0.15851366E+01  0.55709341E-15
 0.15900122E+01  0.55251758E-15
 0.15949029E+01  0.54811303E-15
 0.15998086E+01  0.54387909E-15
 0.16047294E+01  0.53981534E-15
 0.16096653E+01  0.53592154E-15
 0.16146164E+01  0.53219769E-15
 0.16195827E+01  0.52864401E-15
 0.16245643E+01  0.52526096E-15
 0.16295613E+01  0.52204926E-15
 0.16345736E+01  0.51900988E-15
 0.16396013E+01  0.51614408E-15
 0.16446445E+01  0.51345341E-15
 0.16497031E+01  0.51093974E-15
 0.16547774E+01  0.50860525E-15
 0.16598673E+01  0.50645249E-15
 0.16649728E+01  0.50448441E-15
 0.16700940E+01  0.50270433E-15
 0.16752310E+01  0.50111603E-15
 0.16803837E+01  0.49972377E-15
 0.16855524E+01  0.49853230E-15
 0.16907369E+01  0.49754696E-15
 0.16959373E+01  0.49677368E-15
 0.17011538E+01  0.49621906E-15
 0.17063863E+01  0.49589041E-15
 0.17116349E+01  0.49579587E-15
 0.17168997E+01  0.49594445E-15
 0.17221806E+01  0.49634611E-15
 0.17274778E+01  0.49701193E-15
 0.17327913E+01  0.49795417E-15
 0.17381211E+01  0.49918640E-15
 0.17434673E+01  0.50072372E-15
 0.17488300E+01  0.50258290E-15
 0.17542091E+01  0.50478257E-15
 0.17596048E+01  0.50734352E-15
 0.17650171E+01  0.51028892E-15
 0.17704460E+01  0.51364468E-15
 0.17758917E+01  0.51743986E-15
 0.17813541E+01  0.52170708E-15
 0.17868333E+01  0.52648306E-15
 0.17923293E+01  0.53180929E-15
 0.17978423E+01  0.53773278E-15
 0.18033722E+01  0.54430693E-15
 0.18089191E+01  0.55159271E-15
 0.18144831E+01  0.55965990E-15
 0.18200642E+01  0.56858883E-15
 0.18256624E+01  0.57847230E-15
 0.18312779E+01  0.58941812E-15
 0.18369106E+01  0.60155221E-15
 0.18425607E+01  0.61502254E-15
 0.18482282E+01  0.63000410E-15
 0.18539131E+01  0.64670535E-15
 0.18596154E+01  0.66537654E-15
 0.18653353E+01  0.68632067E-15
 0.18710728E+01  0.70990817E-15
 0.18768280E+01  0.73659658E-15
 0.18826009E+01  0.76695780E-15
 0.18883915E+01  0.80171604E-15
 0.18941999E+01  0.84180209E-15
 0.19000262E+01  0.88843252E-15
 0.19058704E+01  0.94322837E-15
 0.19117326E+01  0.10083984E-14
 0.19176128E+01  0.10870315E-14
 0.19235111E+01  0.11835843E-14
 0.19294276E+01  0.13047310E-14
 0.19353622E+01  0.14609391E-14
 0.19413151E+01  0.16696101E-14
 0.19472863E+01  0.19619607E-14
 0.19532759E+01  0.24001254E-14
 0.19592839E+01  0.31280319E-14
 0.19653104E+01  0.45720029E-14
 0.19713554E+01  0.88001624E-14
 0.19774190E+01  0.23177531E-12
 0.19835012E+01  0.91448897E-14
 0.19896022E+01  0.43960752E-14
 0.19957219E+01  0.28556895E-14
 0.20018605E+01  0.20938993E-14
 0.20080179E+01  0.16398903E-14
 0.20141943E+01  0.13387608E-14
 0.20203897E+01  0.11246165E-14
 0.20266041E+01  0.96467030E-15
 0.20328377E+01  0.84077043E-15
 0.20390904E+01  0.74205407E-15
 0.20453623E+01  0.66162262E-15
 0.20516536E+01  0.59488458E-15
 0.20579642E+01  0.53866557E-15
 0.20642942E+01  0.49070077E-15
 0.20706437E+01  0.44933101E-15
 0.20770127E+01  0.41331296E-15
 0.20834013E+01  0.38169663E-15
 0.20898095E+01  0.35374365E-15
 0.20962375E+01  0.32887149E-15
 0.21026852E+01  0.30661440E-15
 0.21091528E+01  0.28659560E-15
 0.21156402E+01  0.26850696E-15
 0.21221476E+01  0.25209411E-15
 0.21286750E+01  0.23714517E-15
 0.21352226E+01  0.22348228E-15
 0.21417902E+01  0.21095501E-15
 0.21483780E+01  0.19943530E-15
 0.21549861E+01  0.18881345E-15
 0.21616146E+01  0.17899494E-15
 0.21682634E+01  0.16989791E-15
 0.21749327E+01  0.16145112E-15
 0.21816224E+01  0.15359226E-15
 0.21883328E+01  0.14626663E-15
 0.21950638E+01  0.13942598E-15
 0.22018155E+01  0.13302765E-15
 0.22085880E+01  0.12703372E-15
 0.22153813E+01  0.12141042E-15
 0.22221955E+01  0.11612757E-15
 0.22290306E+01  0.11115813E-15
 0.22358868E+01  0.10647779E-15
 0.22427641E+01  0.10206466E-15
 0.22496625E+01  0.97898993E-16
 0.22565822E+01  0.93962938E-16
 0.22635231E+01  0.90240346E-16
 0.22704854E+01  0.86716608E-16
 0.22774691E+01  0.83378534E-16
 0.22844742E+01  0.80214273E-16
 0.22915009E+01  0.77213292E-16
 0.22985493E+01  0.74366459E-16
 0.23056193E+01  0.71666294E-16
 0.23127110E+01  0.69107592E-16
 0.23198246E+01  0.66688896E-16
 0.23269601E+01  0.64416167E-16
 0.23341175E+01  0.62313098E-16
 0.23412969E+01  0.60455867E-16
 0.23484984E+01  0.59129075E-16
 0.23557220E+01  0.59994958E-16
 0.23629679E+01  0.10131670E-15
 0.23702360E+01  0.67475371E-16
 0.23775265E+01  0.53245513E-16
 0.23848395E+01  0.49935010E-16
 0.23921749E+01  0.47850132E-16
 0.23995329E+01  0.46125247E-16
 0.24069135E+01  0.44570700E-16
 0.24143168E+01  0.43124071E-16
 0.24217429E+01  0.41758796E-16
 0.24291919E+01  0.40461189E-16
 0.24366637E+01  0.39223031E-16
 0.24441586E+01  0.38038747E-16
 0.24516764E+01  0.36904177E-16
 0.24592175E+01  0.35815996E-16
 0.24667817E+01  0.34771408E-16
 0.24743691E+01  0.33767981E-16
 0.24819799E+01  0.32803548E-16
 0.24896142E+01  0.31876144E-16
 0.24972719E+01  0.30983969E-16
 0.25049531E+01  0.30125358E-16
 0.25126580E+01  0.29298764E-16
 0.25203866E+01  0.28502739E-16
 0.25281389E+01  0.27735929E-16
 0.25359151E+01  0.26997058E-16
 0.25437152E+01  0.26284926E-16
 0.25515393E+01  0.25598399E-16
 0.25593875E+01  0.24936409E-16
 0.25672598E+01  0.24297942E-16
 0.25751563E+01  0.23682039E-16
 0.25830772E+01  0.23087792E-16
 0.25910223E+01  0.22514339E-16
 0.25989920E+01  0.21960862E-16
 0.26069861E+01  0.21426584E-16
 0.26150048E+01  0.20910768E-16
 0.26230482E+01  0.20412711E-16
 0.26311163E+01  0.19931748E-16
 0.26392092E+01  0.19467243E-16
 0.26473271E+01  0.19018593E-16
 0.26554699E+01  0.18585223E-16
 0.26636377E+01  0.18166587E-16
 0.26718307E+01  0.17762164E-16
 0.26800489E+01  0.17371458E-16
 0.26882923E+01  0.16993998E-16
 0.26965611E+01  0.16629333E-16
 0.27048554E+01  0.16277036E-16
 0.27131751E+01  0.15936700E-16
 0.27215205E+01  0.15607937E-16
 0.27298915E+01  0.15290379E-16
 0.27382882E+01  0.14983673E-16
 0.27467108E+01  0.14687489E-16
 0.27551593E+01  0.14401507E-16
 0.27636338E+01  0.14125429E-16
 0.27721343E+01  0.13858968E-16
 0.27806610E+01  0.13601856E-16
 0.27892139E+01  0.13353836E-16
 0.27977932E+01  0.13114668E-16
 0.28063988E+01  0.12884124E-16
 0.28150309E+01  0.12661991E-16
 0.28236895E+01  0.12448068E-16
 0.28323748E+01  0.12242169E-16
 0.28410868E+01  0.12044119E-16
 0.28498255E+01  0.11853757E-16
 0.28585912E+01  0.11670934E-16
 0.28673838E+01  0.11495516E-16
 0.28762035E+01  0.11327381E-16
 0.28850503E+01  0.11166418E-16
 0.28939243E+01  0.11012533E-16
 0.29028256E+01  0.10865644E-16
 0.29117543E+01  0.10725683E-16
 0.29207104E+01  0.10592597E-16
 0.29296941E+01  0.10466350E-16
 0.29387054E+01  0.10346919E-16
 0.29477444E+01  0.10234301E-16
 0.29568113E+01  0.10128510E-16
 0.29659060E+01  0.10029580E-16
 0.29750287E+01  0.99375660E-17
 0.29841795E+01  0.98525447E-17
 0.29933584E+01  0.97746191E-17
 0.30025656E+01  0.97039191E-17
 0.30118010E+01  0.96406050E-17
 0.30210649E+01  0.95848705E-17
 0.30303573E+01  0.95369474E-17
 0.30396782E+01  0.94971094E-17
 0.30490278E+01  0.94656784E-17
 0.30584062E+01  0.94430308E-17
 0.30678134E+01  0.94296055E-17
 0.30772496E+01  0.94259133E-17
 0.30867148E+01  0.94325484E-17
 0.30962091E+01  0.94502020E-17
 0.31057326E+01  0.94796796E-17
 0.31152853E+01  0.95219208E-17
 0.31248675E+01  0.95780254E-17
 0.31344792E+01  0.96492846E-17
 0.31441204E+01  0.97372205E-17
 0.31537913E+01  0.98436362E-17
 0.31634919E+01  0.99706789E-17
 0.31732223E+01  0.10120923E-16
 0.31829827E+01  0.10297474E-16
 0.31927731E+01  0.10504113E-16
 0.32025936E+01  0.10745482E-16
 0.32124443E+01  0.11027338E-16
 0.32223254E+01  0.11356905E-16
 0.32322368E+01  0.11743369E-16
 0.32421787E+01  0.12198576E-16
 0.32521512E+01  0.12738077E-16
 0.32621543E+01  0.13382674E-16
 0.32721882E+01  0.14160846E-16
 0.32822530E+01  0.15112626E-16
 0.32923488E+01  0.16296121E-16
 0.33024756E+01  0.17798979E-16
 0.33126335E+01  0.19759886E-16
 0.33228227E+01  0.22412014E-16
 0.33330432E+01  0.26179966E-16
 0.33432952E+01  0.31926912E-16
 0.33535787E+01  0.41717837E-16
 0.33638938E+01  0.62027757E-16
 0.33742407E+01  0.12899907E-15
 0.33846194E+01  0.85973389E-15
 0.33950300E+01  0.93907682E-16
 0.34054726E+01  0.48236822E-16
 0.34159474E+01  0.31809421E-16
 0.34264543E+01  0.23366917E-16
 0.34369936E+01  0.18236408E-16
 0.34475653E+01  0.14795716E-16
 0.34581695E+01  0.12333121E-16
 0.34688064E+01  0.10487216E-16
 0.34794759E+01  0.90549973E-17
 0.34901783E+01  0.79136544E-17
 0.35009136E+01  0.69845347E-17
 0.35116819E+01  0.62149372E-17
 0.35224834E+01  0.55682278E-17
 0.35333180E+01  0.50181524E-17
 0.35441860E+01  0.45454069E-17
 0.35550874E+01  0.41354821E-17
 0.35660224E+01  0.37772649E-17
 0.35769909E+01  0.34621020E-17
 0.35879932E+01  0.31831579E-17
 0.35990294E+01  0.29349651E-17
 0.36100995E+01  0.27131018E-17
 0.36212037E+01  0.25139586E-17
 0.36323420E+01  0.23345670E-17
 0.36435145E+01  0.21724718E-17
 0.36547215E+01  0.20256380E-17
 0.36659629E+01  0.18923833E-17
 0.36772389E+01  0.17713342E-17
 0.36885495E+01  0.16614048E-17
 0.36998950E+01  0.15618069E-17
 0.37112753E+01  0.14721067E-17
 0.37226907E+01  0.13923723E-17
 0.37341412E+01  0.13235191E-17
 0.37456268E+01  0.12681419E-17
 0.37571479E+01  0.12327185E-17
 0.37687043E+01  0.12343688E-17
 0.37802963E+01  0.13267106E-17
 0.37919240E+01  0.17449171E-17
 0.38035874E+01  0.53762627E-17
 0.38152867E+01  0.31105817E-17
 0.38270220E+01  0.13923892E-17
 0.38387933E+01  0.10260294E-17
 0.38506009E+01  0.86966968E-18
 0.38624448E+01  0.77798122E-18
 0.38743251E+01  0.71339582E-18
 0.38862420E+01  0.66268691E-18
 0.38981955E+01  0.62020813E-18
 0.39101858E+01  0.58319145E-18
 0.39222130E+01  0.55012588E-18
 0.39342772E+01  0.52011084E-18
 0.39463785E+01  0.49256833E-18
 0.39585170E+01  0.46710318E-18
 0.39706928E+01  0.44343021E-18
 0.39829061E+01  0.42133398E-18
 0.39951569E+01  0.40064537E-18
 0.40074455E+01  0.38122734E-18
 0.40197718E+01  0.36296588E-18
 0.40321361E+01  0.34576414E-18
 0.40445383E+01  0.32953842E-18
 0.40569788E+01  0.31421536E-18
 0.40694575E+01  0.29972991E-18
 0.40819745E+01  0.28602392E-18
 0.40945301E+01  0.27304494E-18
 0.41071243E+01  0.26074543E-18
 0.41197572E+01  0.24908203E-18
 0.41324290E+01  0.23801505E-18
 0.41451398E+01  0.22750801E-18
 0.41578896E+01  0.21752730E-18
 0.41706787E+01  0.20804183E-18
 0.41835071E+01  0.19902281E-18
 0.41963750E+01  0.19044350E-18
 0.42092825E+01  0.18227903E-18
 0.42222296E+01  0.17450625E-18
 0.42352166E+01  0.16710353E-18
 0.42482435E+01  0.16005069E-18
 0.42613105E+01  0.15332883E-18
 0.42744177E+01  0.14692027E-18
 0.42875652E+01  0.14080843E-18
 0.43007531E+01  0.13497776E-18
 0.43139816E+01  0.12941365E-18
 0.43272508E+01  0.12410237E-18
 0.43405608E+01  0.11903100E-18
 0.43539118E+01  0.11418738E-18
 0.43673038E+01  0.10956008E-18
 0.43807370E+01  0.10513830E-18
 0.43942115E+01  0.10091186E-18
 0.44077275E+01  0.96871150E-19
 0.44212851E+01  0.93007106E-19
 0.44348843E+01  0.89311160E-19
 0.44485254E+01  0.85775211E-19
 0.44622084E+01  0.82391601E-19
 0.44759335E+01  0.79153081E-19
 0.44897009E+01  0.76052793E-19
 0.45035105E+01  0.73084239E-19
 0.45173627E+01  0.70241264E-19
 0.45312575E+01  0.67518033E-19
 0.45451950E+01  0.64909016E-19
 0.45591753E+01  0.62408965E-19
 0.45731987E+01  0.60012899E-19
 0.45872652E+01  0.57716093E-19
 0.46013750E+01  0.55514057E-19
 0.46155282E+01  0.53402527E-19
 0.46297249E+01  0.51377450E-19
 0.46439653E+01  0.49434976E-19
 0.46582494E+01  0.47571441E-19
 0.46725776E+01  0.45783362E-19
 0.46869497E+01  0.44067423E-19
 0.47013661E+01  0.42420470E-19
 0.47158269E+01  0.40839500E-19
 0.47303321E+01  0.39321651E-19
 0.47448819E+01  0.37864200E-19
 0.47594765E+01  0.36464551E-19
 0.47741160E+01  0.35120231E-19
 0.47888005E+01  0.33828879E-19
 0.48035301E+01  0.32588249E-19
 0.48183051E+01  0.31396195E-19
 0.48331255E+01  0.30250671E-19
 0.48479915E+01  0.29149724E-19
 0.48629033E+01  0.28091492E-19
 0.48778609E+01  0.27074195E-19
 0.48928645E+01  0.26096136E-19
 0.49079142E+01  0.25155691E-19
 0.49230103E+01  0.24251311E-19
 0.49381528E+01  0.23381516E-19
 0.49533418E+01  0.22544891E-19
 0.49685776E+01  0.21740084E-19
 0.49838602E+01  0.20965801E-19
 0.49991899E+01  0.20220808E-19
 0.50145667E+01  0.19503920E-19
 0.50299908E+01  0.18814009E-19
 0.50454623E+01  0.18149991E-19
 0.50609814E+01  0.17510832E-19
 0.50765483E+01  0.16895541E-19
 0.50921630E+01  0.16303169E-19
 0.51078258E+01  0.15732809E-19
 0.51235368E+01  0.15183591E-19
 0.51392960E+01  0.14654683E-19
 0.51551038E+01  0.14145287E-19
 0.51709601E+01  0.13654640E-19
 0.51868653E+01  0.13182009E-19
 0.52028193E+01  0.12726694E-19
 0.52188225E+01  0.12288022E-19
 0.52348748E+01  0.11865348E-19
 0.52509766E+01  0.11458056E-19
 0.52671278E+01  0.11065553E-19
 0.52833288E+01  0.10687270E-19
 0.52995795E+01  0.10322665E-19
 0.53158803E+01  0.99712129E-20
 0.53322312E+01  0.96324140E-20
 0.53486324E+01  0.93057870E-20
 0.53650840E+01  0.89908706E-20
 0.53815862E+01  0.86872219E-20
 0.53981392E+01  0.83944160E-20
 0.54147431E+01  0.81120449E-20
 0.54313981E+01  0.78397170E-20
 0.54481043E+01  0.75770561E-20
 0.54648619E+01  0.73237012E-20
 0.54816711E+01  0.70793054E-20
 0.54985319E+01  0.68435357E-20
 0.55154446E+01  0.66160721E-20
 0.55324093E+01  0.63966072E-20
 0.55494262E+01  0.61848457E-20
 0.55664955E+01  0.59805037E-20
 0.55836172E+01  0.57833087E-20
 0.56007916E+01  0.55929984E-20
 0.56180189E+01  0.54093210E-20
 0.56352991E+01  0.52320342E-20
 0.56526325E+01  0.50609052E-20
 0.56700192E+01  0.48957102E-20
 0.56874594E+01  0.47362338E-20
 0.57049532E+01  0.45822692E-20
 0.57225008E+01  0.44336171E-20
 0.57401024E+01  0.42900861E-20
 0.57577581E+01  0.41514921E-20
 0.57754682E+01  0.40176577E-20
 0.57932327E+01  0.38884125E-20
 0.58110519E+01  0.37635924E-20
 0.58289258E+01  0.36430396E-20
 0.58468548E+01  0.35266022E-20
 0.58648389E+01  0.34141339E-20
 0.58828783E+01  0.33054940E-20
 0.59009732E+01  0.32005471E-20
 0.59191237E+01  0.30991628E-20
 0.59373301E+01  0.30012154E-20
 0.59555925E+01  0.29065842E-20
 0.59739111E+01  0.28151526E-20
 0.59922860E+01  0.27268086E-20
 0.60107174E+01  0.26414443E-20
 0.60292055E+01  0.25589557E-20
 0.60477505E+01  0.24792426E-20
 0.60663525E+01  0.24022085E-20
 0.60850117E+01  0.23277606E-20
 0.61037284E+01  0.22558093E-20
 0.61225026E+01  0.21862683E-20
 0.61413345E+01  0.21190545E-20
 0.61602244E+01  0.20540877E-20
 0.61791724E+01  0.19912909E-20
 0.61981786E+01  0.19305897E-20
 0.62172433E+01  0.18719122E-20
 0.62363667E+01  0.18151894E-20
 0.62555489E+01  0.17603547E-20
 0.62747901E+01  0.17073439E-20
 0.62940904E+01  0.16560950E-20
 0.63134501E+01  0.16065483E-20
 0.63328694E+01  0.15586463E-20
 0.63523484E+01  0.15123334E-20
 0.63718874E+01  0.14675562E-20
 0.63914864E+01  0.14242630E-20
 0.64111457E+01  0.13824040E-20
 0.64308655E+01  0.13419312E-20
 0.64506459E+01  0.13027983E-20
 0.64704871E+01  0.12649605E-20
 0.64903894E+01  0.12283748E-20
 0.65103530E+01  0.11929995E-20
 0.65303779E+01  0.11587946E-20
 0.65504644E+01  0.11257213E-20
 0.65706127E+01  0.10937423E-20
 0.65908230E+01  0.10628214E-20
 0.66110954E+01  0.10329239E-20
 0.66314302E+01  0.10040161E-20
 0.66518275E+01  0.97606574E-21
 0.66722876E+01  0.94904139E-21
 0.66928106E+01  0.92291286E-21
 0.67133968E+01  0.89765097E-21
 0.67340462E+01  0.87322754E-21
 0.67547592E+01  0.84961539E-21
 0.67755359E+01  0.82678824E-21
 0.67963764E+01  0.80472071E-21
 0.68172811E+01  0.78338830E-21
 0.68382501E+01  0.76276734E-21
 0.68592836E+01  0.74283498E-21
 0.68803818E+01  0.72356911E-21
 0.69015449E+01  0.70494840E-21
 0.69227730E+01  0.68695223E-21
 0.69440665E+01  0.66956067E-21
 0.69654255E+01  0.65275446E-21
 0.69868501E+01  0.63651500E-21
 0.70083407E+01  0.62082430E-21
 0.70298973E+01  0.60566497E-21
 0.70515203E+01  0.59102020E-21
 0.70732098E+01  0.57687374E-21
 0.70949660E+01  0.56320987E-21
 0.71167891E+01  0.55001342E-21
 0.71386793E+01  0.53726969E-21
 0.71606369E+01  0.52496447E-21
 0.71826620E+01  0.51308402E-21
 0.72047548E+01  0.50161507E-21
 0.72269156E+01  0.49054477E-21
 0.72491446E+01  0.47986069E-21
 0.72714419E+01  0.46955081E-21
 0.72938079E+01  0.45960351E-21
 0.73162426E+01  0.45000755E-21
 0.73387463E+01  0.44075206E-21
 0.73613192E+01  0.43182654E-21
 0.73839616E+01  0.42322083E-21
 0.74066736E+01  0.41492509E-21
 0.74294555E+01  0.40692984E-21
 0.74523074E+01  0.39922591E-21
 0.74752297E+01  0.39180442E-21
 0.74982224E+01  0.38465682E-21
 0.75212859E+01  0.37777485E-21
 0.75444203E+01  0.37115053E-21
 0.75676259E+01  0.36477616E-21
 0.75909028E+01  0.35864433E-21
 0.76142514E+01  0.35274788E-21
 0.76376717E+01  0.34707994E-21
 0.76611641E+01  0.34163389E-21
 0.76847288E+01  0.33640335E-21
 0.77083659E+01  0.33138223E-21
 0.77320757E+01  0.32656465E-21
 0.77558585E+01  0.32194501E-21
 0.77797144E+01  0.31751795E-21
 0.78036437E+01  0.31327832E-21
 0.78276466E+01  0.30922127E-21
 0.78517233E+01  0.30534214E-21
 0.78758741E+01  0.30163654E-21
 0.79000992E+01  0.29810032E-21
 0.79243988E+01  0.29472957E-21
 0.79487731E+01  0.29152063E-21
 0.79732224E+01  0.28847006E-21
 0.79977469E+01  0.28557472E-21
 0.80223468E+01  0.28283169E-21
 0.80470224E+01  0.28023831E-21
 0.80717739E+01  0.27779220E-21
 0.80966016E+01  0.27549124E-21
 0.81215056E+01  0.27333360E-21
 0.81464861E+01  0.27131771E-21
 0.81715436E+01  0.26944234E-21
 0.81966781E+01  0.26770654E-21
 0.82218899E+01  0.26610970E-21
 0.82471793E+01  0.26465152E-21
 0.82725464E+01  0.26333209E-21
 0.82979916E+01  0.26215186E-21
 0.83235150E+01  0.26111169E-21
 0.83491170E+01  0.26021284E-21
 0.83747977E+01  0.25945705E-21
 0.84005574E+01  0.25884653E-21
 0.84263963E+01  0.25838403E-21
 0.84523147E+01  0.25807287E-21
 0.84783128E+01  0.25791696E-21
 0.85043909E+01  0.25792093E-21
 0.85305492E+01  0.25809011E-21
 0.85567880E+01  0.25843068E-21
 0.85831074E+01  0.25894971E-21
 0.86095078E+01  0.25965528E-21
 0.86359895E+01  0.26055657E-21
 0.86625525E+01  0.26166404E-21
 0.86891973E+01  0.26298956E-21
 0.87159241E+01  0.26454659E-21
 0.87427330E+01  0.26635039E-21
 0.87696244E+01  0.26841832E-21
 0.87965985E+01  0.27077007E-21
 0.88236556E+01  0.27342809E-21
 0.88507959E+01  0.27641798E-21
 0.88780197E+01  0.27976899E-21
 0.89053272E+01  0.28351469E-21
 0.89327188E+01  0.28769369E-21
 0.89601945E+01  0.29235058E-21
 0.89877548E+01  0.29753707E-21
 0.90153999E+01  0.30331337E-21
 0.90431300E+01  0.30975004E-21
 0.90709454E+01  0.31693016E-21
 0.90988463E+01  0.32495217E-21
 0.91268331E+01  0.33393360E-21
 0.91549059E+01  0.34401578E-21
 0.91830651E+01  0.35537015E-21
 0.92113109E+01  0.36820664E-21
 0.92396436E+01  0.38278505E-21
 0.92680634E+01  0.39943069E-21
 0.92965707E+01  0.41855639E-21
 0.93251656E+01  0.44069386E-21
 0.93538485E+01  0.46653982E-21
 0.93826196E+01  0.49702523E-21
 0.94114792E+01  0.53342272E-21
 0.94404276E+01  0.57751901E-21
 0.94694650E+01  0.63190360E-21
 0.94985917E+01  0.70047656E-21
 0.95278080E+01  0.78939770E-21
 0.95571142E+01  0.90900027E-21
 0.95865105E+01  0.10780463E-20
 0.96159973E+01  0.13345221E-20
 0.96455747E+01  0.17687407E-20
 0.96752431E+01  0.26607693E-20
 0.97050028E+01  0.55302120E-20
 0.97348540E+01  0.51273716E-19
 0.97647970E+01  0.44446630E-20
 0.97948322E+01  0.22964685E-20
 0.98249597E+01  0.15368352E-20
 0.98551799E+01  0.11487930E-20
 0.98854930E+01  0.91358644E-21
 0.99158994E+01  0.75599487E-21
 0.99463993E+01  0.64319774E-21
 0.99769930E+01  0.55858951E-21
 0.10007681E+02  0.49286661E-21
 0.10038463E+02  0.44041182E-21
 0.10069340E+02  0.39763226E-21
 0.10100312E+02  0.36212283E-21
 0.10131379E+02  0.33221290E-21
 0.10162542E+02  0.30670579E-21
 0.10193800E+02  0.28472185E-21
 0.10225155E+02  0.26559993E-21
 0.10256606E+02  0.24883355E-21
 0.10288154E+02  0.23402812E-21
 0.10319799E+02  0.22087170E-21
 0.10351541E+02  0.20911441E-21
 0.10383381E+02  0.19855377E-21
 0.10415319E+02  0.18902395E-21
 0.10447355E+02  0.18038785E-21
 0.10479489E+02  0.17253116E-21
 0.10511723E+02  0.16535783E-21
 0.10544055E+02  0.15878655E-21
 0.10576487E+02  0.15274807E-21
 0.10609019E+02  0.14718303E-21
 0.10641651E+02  0.14204029E-21
 0.10674383E+02  0.13727556E-21
 0.10707216E+02  0.13285030E-21
 0.10740150E+02  0.12873081E-21
 0.10773185E+02  0.12488755E-21
 0.10806322E+02  0.12129446E-21
 0.10839560E+02  0.11792854E-21
 0.10872901E+02  0.11476939E-21
 0.10906345E+02  0.11179885E-21
 0.10939891E+02  0.10900072E-21
 0.10973541E+02  0.10636053E-21
 0.11007294E+02  0.10386529E-21
 0.11041151E+02  0.10150332E-21
 0.11075112E+02  0.99264112E-22
 0.11109177E+02  0.97138169E-22
 0.11143347E+02  0.95116904E-22
 0.11177623E+02  0.93192532E-22
 0.11212004E+02  0.91357988E-22
 0.11246490E+02  0.89606843E-22
 0.11281083E+02  0.87933242E-22
 0.11315782E+02  0.86331840E-22
 0.11350587E+02  0.84797754E-22
 0.11385500E+02  0.83326514E-22
 0.11420520E+02  0.81914025E-22
 0.11455648E+02  0.80556526E-22
 0.11490884E+02  0.79250563E-22
 0.11526229E+02  0.77992957E-22
 0.11561682E+02  0.76780779E-22
 0.11597244E+02  0.75611328E-22
 0.11632915E+02  0.74482109E-22
 0.11668696E+02  0.73390816E-22
 0.11704588E+02  0.72335315E-22
 0.11740589E+02  0.71313627E-22
 0.11776702E+02  0.70323917E-22
 0.11812925E+02  0.69364483E-22
 0.11849260E+02  0.68433741E-22
 0.11885707E+02  0.67530217E-22
 0.11922265E+02  0.66652538E-22
 0.11958937E+02  0.65799427E-22
 0.11995721E+02  0.64969688E-22
 0.12032618E+02  0.64162207E-22
 0.12069628E+02  0.63375939E-22
 0.12106753E+02  0.62609910E-22
 0.12143991E+02  0.61863205E-22
 0.12181345E+02  0.61134966E-22
 0.12218813E+02  0.60424389E-22
 0.12256396E+02  0.59730718E-22
 0.12294095E+02  0.59053241E-22
 0.12331910E+02  0.58391291E-22
 0.12369841E+02  0.57744237E-22
 0.12407889E+02  0.57111485E-22
 0.12446054E+02  0.56492475E-22
 0.12484336E+02  0.55886678E-22
 0.12522736E+02  0.55293593E-22
 0.12561254E+02  0.54712748E-22
 0.12599891E+02  0.54143695E-22
 0.12638646E+02  0.53586009E-22
 0.12677521E+02  0.53039288E-22
 0.12716515E+02  0.52503151E-22
 0.12755630E+02  0.51977235E-22
 0.12794864E+02  0.51461195E-22
 0.12834219E+02  0.50954703E-22
 0.12873696E+02  0.50457448E-22
 0.12913293E+02  0.49969133E-22
 0.12953013E+02  0.49489475E-22
 0.12992854E+02  0.49018202E-22
 0.13032818E+02  0.48555058E-22
 0.13072906E+02  0.48099796E-22
 0.13113116E+02  0.47652182E-22
 0.13153450E+02  0.47211989E-22
 0.13193908E+02  0.46779002E-22
 0.13234491E+02  0.46353016E-22
 0.13275198E+02  0.45933833E-22
 0.13316031E+02  0.45521263E-22
 0.13356989E+02  0.45115124E-22
 0.13398073E+02  0.44715243E-22
 0.13439284E+02  0.44321452E-22
 0.13480621E+02  0.43933590E-22
 0.13522086E+02  0.43551502E-22
 0.13563678E+02  0.43175040E-22
 0.13605398E+02  0.42804061E-22
 0.13647246E+02  0.42438427E-22
 0.13689223E+02  0.42078005E-22
 0.13731329E+02  0.41722667E-22
 0.13773565E+02  0.41372291E-22
 0.13815930E+02  0.41026758E-22
 0.13858426E+02  0.40685952E-22
 0.13901052E+02  0.40349764E-22
 0.13943810E+02  0.40018087E-22
 0.13986699E+02  0.39690817E-22
 0.14029720E+02  0.39367855E-22
 0.14072874E+02  0.39049105E-22
 0.14116160E+02  0.38734473E-22
 0.14159579E+02  0.38423870E-22
 0.14203132E+02  0.38117207E-22
 0.14246819E+02  0.37814402E-22
 0.14290640E+02  0.37515372E-22
 0.14334596E+02  0.37220038E-22
 0.14378687E+02  0.36928323E-22
 0.14422914E+02  0.36640154E-22
 0.14467277E+02  0.36355458E-22
 0.14511776E+02  0.36074166E-22
 0.14556412E+02  0.35796209E-22
 0.14601186E+02  0.35521523E-22
 0.14646097E+02  0.35250043E-22
 0.14691146E+02  0.34981708E-22
 0.14736334E+02  0.34716457E-22
 0.14781661E+02  0.34454233E-22
 0.14827127E+02  0.34194978E-22
 0.14872734E+02  0.33938638E-22
 0.14918480E+02  0.33685160E-22
 0.14964367E+02  0.33434490E-22
 0.15010395E+02  0.33186579E-22
 0.15056565E+02  0.32941377E-22
 0.15102877E+02  0.32698837E-22
 0.15149331E+02  0.32458912E-22
 0.15195929E+02  0.32221557E-22
 0.15242669E+02  0.31986728E-22
 0.15289553E+02  0.31754381E-22
 0.15336582E+02  0.31524476E-22
 0.15383755E+02  0.31296971E-22
 0.15431073E+02  0.31071826E-22
 0.15478537E+02  0.30849004E-22
 0.15526147E+02  0.30628466E-22
 0.15573903E+02  0.30410176E-22
 0.15621806E+02  0.30194097E-22
 0.15669857E+02  0.29980196E-22
 0.15718055E+02  0.29768437E-22
 0.15766401E+02  0.29558789E-22
 0.15814897E+02  0.29351217E-22
 0.15863541E+02  0.29145692E-22
 0.15912335E+02  0.28942181E-22
 0.15961279E+02  0.28740655E-22
 0.16010374E+02  0.28541084E-22
 0.16059619E+02  0.28343440E-22
 0.16109016E+02  0.28147694E-22
 0.16158565E+02  0.27953820E-22
 0.16208267E+02  0.27761789E-22
 0.16258121E+02  0.27571577E-22
 0.16308129E+02  0.27383157E-22
 0.16358290E+02  0.27196504E-22
 0.16408606E+02  0.27011594E-22
 0.16459077E+02  0.26828404E-22
 0.16509702E+02  0.26646908E-22
 0.16560484E+02  0.26467085E-22
 0.16611422E+02  0.26288913E-22
 0.16662516E+02  0.26112368E-22
 0.16713768E+02  0.25937430E-22
 0.16765177E+02  0.25764078E-22
 0.16816744E+02  0.25592291E-22
 0.16868470E+02  0.25422048E-22
 0.16920355E+02  0.25253331E-22
 0.16972400E+02  0.25086119E-22
 0.17024604E+02  0.24920394E-22
 0.17076970E+02  0.24756137E-22
 0.17129496E+02  0.24593330E-22
 0.17182184E+02  0.24431955E-22
 0.17235034E+02  0.24271994E-22
 0.17288046E+02  0.24113430E-22
 0.17341222E+02  0.23956247E-22
 0.17394561E+02  0.23800427E-22
 0.17448064E+02  0.23645955E-22
 0.17501732E+02  0.23492815E-22
 0.17555565E+02  0.23340991E-22
 0.17609563E+02  0.23190467E-22
 0.17663728E+02  0.23041229E-22
 0.17718059E+02  0.22893262E-22
 0.17772557E+02  0.22746551E-22
 0.17827223E+02  0.22601082E-22
 0.17882057E+02  0.22456840E-22
 0.17937060E+02  0.22313814E-22
 0.17992231E+02  0.22171988E-22
 0.18047573E+02  0.22031349E-22
 0.18103085E+02  0.21891885E-22
 0.18158767E+02  0.21753582E-22
 0.18214621E+02  0.21616428E-22
 0.18270647E+02  0.21480410E-22
 0.18326845E+02  0.21345517E-22
 0.18383215E+02  0.21211736E-22
 0.18439759E+02  0.21079055E-22
 0.18496478E+02  0.20947463E-22
 0.18553370E+02  0.20816949E-22
 0.18610438E+02  0.20687501E-22
 0.18667681E+02  0.20559108E-22
 0.18725100E+02  0.20431759E-22
 0.18782696E+02  0.20305443E-22
 0.18840468E+02  0.20180151E-22
 0.18898419E+02  0.20055871E-22
 0.18956548E+02  0.19932593E-22
 0.19014856E+02  0.19810308E-22
 0.19073343E+02  0.19689005E-22
 0.19132009E+02  0.19568674E-22
 0.19190857E+02  0.19449307E-22
 0.19249885E+02  0.19330892E-22
 0.19309095E+02  0.19213422E-22
 0.19368487E+02  0.19096887E-22
 0.19428062E+02  0.18981278E-22
 0.19487820E+02  0.18866585E-22
 0.19547762E+02  0.18752800E-22
 0.19607888E+02  0.18639915E-22
 0.19668199E+02  0.18527921E-22
 0.19728695E+02  0.18416809E-22
 0.19789378E+02  0.18306571E-22
 0.19850247E+02  0.18197198E-22
 0.19911304E+02  0.18088684E-22
 0.19972548E+02  0.17981019E-22
 0.20033981E+02  0.17874196E-22
 0.20095603E+02  0.17768207E-22
 0.20157414E+02  0.17663044E-22
 0.20219415E+02  0.17558700E-22
 0.20281607E+02  0.17455168E-22
 0.20343991E+02  0.17352439E-22
 0.20406566E+02  0.17250507E-22
 0.20469333E+02  0.17149365E-22
 0.20532294E+02  0.17049005E-22
 0.20595449E+02  0.16949420E-22
 0.20658797E+02  0.16850604E-22
 0.20722341E+02  0.16752550E-22
 0.20786080E+02  0.16655250E-22
 0.20850015E+02  0.16558699E-22
 0.20914147E+02  0.16462889E-22
 0.20978475E+02  0.16367815E-22
 0.21043002E+02  0.16273469E-22
 0.21107728E+02  0.16179846E-22
 0.21172652E+02  0.16086940E-22
 0.21237776E+02  0.15994743E-22
 0.21303100E+02  0.15903250E-22
 0.21368626E+02  0.15812455E-22
 0.21434353E+02  0.15722352E-22
 0.21500282E+02  0.15632935E-22
 0.21566413E+02  0.15544198E-22
 0.21632749E+02  0.15456136E-22
 0.21699288E+02  0.15368743E-22
 0.21766032E+02  0.15282012E-22
 0.21832981E+02  0.15195940E-22
 0.21900136E+02  0.15110519E-22
 0.21967498E+02  0.15025745E-22
 0.22035067E+02  0.14941613E-22
 0.22102844E+02  0.14858116E-22
 0.22170829E+02  0.14775250E-22
 0.22239023E+02  0.14693010E-22
 0.22307427E+02  0.14611390E-22
 0.22376042E+02  0.14530386E-22
 0.22444867E+02  0.14449992E-22
 0.22513904E+02  0.14370203E-22
 0.22583154E+02  0.14291015E-22
 0.22652617E+02  0.14212422E-22
 0.22722293E+02  0.14134420E-22
 0.22792183E+02  0.14057004E-22
 0.22862289E+02  0.13980169E-22
 0.22932610E+02  0.13903911E-22
 0.23003147E+02  0.13828225E-22
 0.23073902E+02  0.13753107E-22
 0.23144874E+02  0.13678551E-22
 0.23216064E+02  0.13604554E-22
 0.23287474E+02  0.13531111E-22
 0.23359102E+02  0.13458218E-22
 0.23430952E+02  0.13385870E-22
 0.23503022E+02  0.13314063E-22
 0.23575314E+02  0.13242793E-22
 0.23647828E+02  0.13172055E-22
 0.23720566E+02  0.13101846E-22
 0.23793527E+02  0.13032161E-22
 0.23866712E+02  0.12962997E-22
 0.23940123E+02  0.12894349E-22
 0.24013759E+02  0.12826213E-22
 0.24087622E+02  0.12758585E-22
 0.24161712E+02  0.12691461E-22
 0.24236030E+02  0.12624838E-22
 0.24310577E+02  0.12558712E-22
 0.24385353E+02  0.12493078E-22
 0.24460359E+02  0.12427934E-22
 0.24535595E+02  0.12363274E-22
 0.24611063E+02  0.12299096E-22
 0.24686763E+02  0.12235397E-22
 0.24762696E+02  0.12172171E-22
 0.24838863E+02  0.12109416E-22
 0.24915264E+02  0.12047128E-22
 0.24991900E+02  0.11985304E-22
 0.25068771E+02  0.11923939E-22
 0.25145879E+02  0.11863032E-22
 0.25223224E+02  0.11802577E-22
 0.25300807E+02  0.11742573E-22
 0.25378629E+02  0.11683014E-22
 0.25456690E+02  0.11623899E-22
 0.25534991E+02  0.11565223E-22
 0.25613533E+02  0.11506984E-22
 0.25692317E+02  0.11449178E-22
 0.25771343E+02  0.11391801E-22
 0.25850612E+02  0.11334852E-22
 0.25930124E+02  0.11278326E-22
 0.26009882E+02  0.11222220E-22
 0.26089885E+02  0.11166532E-22
 0.26170133E+02  0.11111258E-22
 0.26250629E+02  0.11056395E-22
 0.26331372E+02  0.11001940E-22
 0.26412364E+02  0.10947890E-22
 0.26493604E+02  0.10894242E-22
 0.26575095E+02  0.10840994E-22
 0.26656836E+02  0.10788141E-22
 0.26738829E+02  0.10735682E-22
 0.26821074E+02  0.10683613E-22
 0.26903571E+02  0.10631932E-22
 0.26986323E+02  0.10580635E-22
 0.27069329E+02  0.10529720E-22
 0.27152591E+02  0.10479184E-22
 0.27236108E+02  0.10429025E-22
 0.27319882E+02  0.10379238E-22
 0.27403915E+02  0.10329823E-22
 0.27488205E+02  0.10280776E-22
 0.27572755E+02  0.10232094E-22
 0.27657565E+02  0.10183775E-22
 0.27742636E+02  0.10135816E-22
 0.27827968E+02  0.10088215E-22
 0.27913563E+02  0.10040968E-22
 0.27999421E+02  0.99940739E-23
 0.28085543E+02  0.99475293E-23
 0.28171930E+02  0.99013319E-23
 0.28258583E+02  0.98554791E-23
 0.28345503E+02  0.98099686E-23
 0.28432689E+02  0.97647977E-23
 0.28520144E+02  0.97199640E-23
 0.28607868E+02  0.96754651E-23
 0.28695862E+02  0.96312986E-23
 0.28784126E+02  0.95874620E-23
 0.28872662E+02  0.95439529E-23
 0.28961470E+02  0.95007690E-23
 0.29050552E+02  0.94579080E-23
 0.29139907E+02  0.94153675E-23
 0.29229537E+02  0.93731451E-23
 0.29319443E+02  0.93312386E-23
 0.29409626E+02  0.92896457E-23
 0.29500085E+02  0.92483641E-23
 0.29590824E+02  0.92073916E-23
 0.29681841E+02  0.91667259E-23
 0.29773138E+02  0.91263648E-23
 0.29864716E+02  0.90863061E-23
 0.29956575E+02  0.90465477E-23
 0.30048718E+02  0.90070874E-23
 0.30141143E+02  0.89679229E-23
 0.30233853E+02  0.89290522E-23
 0.30326848E+02  0.88904731E-23
 0.30420129E+02  0.88521836E-23
 0.30513697E+02  0.88141815E-23
 0.30607553E+02  0.87764648E-23
 0.30701697E+02  0.87390314E-23
 0.30796131E+02  0.87018792E-23
 0.30890856E+02  0.86650062E-23
 0.30985872E+02  0.86284104E-23
 0.31081180E+02  0.85920898E-23
 0.31176781E+02  0.85560423E-23
 0.31272677E+02  0.85202661E-23
 0.31368867E+02  0.84847591E-23
 0.31465353E+02  0.84495195E-23
 0.31562136E+02  0.84145451E-23
 0.31659217E+02  0.83798342E-23
 0.31756596E+02  0.83453848E-23
 0.31854275E+02  0.83111950E-23
 0.31952254E+02  0.82772630E-23
 0.32050535E+02  0.82435867E-23
 0.32149118E+02  0.82101645E-23
 0.32248004E+02  0.81769945E-23
 0.32347194E+02  0.81440747E-23
 0.32446689E+02  0.81114034E-23
 0.32546491E+02  0.80789788E-23
 0.32646599E+02  0.80467991E-23
 0.32747015E+02  0.80148625E-23
 0.32847741E+02  0.79831671E-23
 0.32948776E+02  0.79517113E-23
 0.33050121E+02  0.79204934E-23
 0.33151779E+02  0.78895114E-23
 0.33253749E+02  0.78587638E-23
 0.33356033E+02  0.78282489E-23
 0.33458631E+02  0.77979648E-23
 0.33561545E+02  0.77679099E-23
 0.33664776E+02  0.77380826E-23
 0.33768324E+02  0.77084811E-23
 0.33872190E+02  0.76791038E-23
 0.33976376E+02  0.76499491E-23
 0.34080883E+02  0.76210152E-23
 0.34185711E+02  0.75923007E-23
 0.34290861E+02  0.75638038E-23
 0.34396335E+02  0.75355229E-23
 0.34502133E+02  0.75074565E-23
 0.34608257E+02  0.74796030E-23
 0.34714707E+02  0.74519607E-23
 0.34821485E+02  0.74245282E-23
 0.34928590E+02  0.73973038E-23
 0.35036026E+02  0.73702861E-23
 0.35143792E+02  0.73434734E-23
 0.35251889E+02  0.73168643E-23
 0.35360319E+02  0.72904573E-23
 0.35469082E+02  0.72642507E-23
 0.35578180E+02  0.72382433E-23
 0.35687613E+02  0.72124333E-23
 0.35797383E+02  0.71868194E-23
 0.35907491E+02  0.71614002E-23
 0.36017937E+02  0.71361740E-23
 0.36128724E+02  0.71111396E-23
 0.36239850E+02  0.70862954E-23
 0.36351319E+02  0.70616401E-23
 0.36463130E+02  0.70371722E-23
 0.36575286E+02  0.70128902E-23
 0.36687786E+02  0.69887928E-23
 0.36800633E+02  0.69648786E-23
 0.36913826E+02  0.69411463E-23
 0.37027368E+02  0.69175943E-23
 0.37141259E+02  0.68942215E-23
 0.37255500E+02  0.68710263E-23
 0.37370093E+02  0.68480075E-23
 0.37485038E+02  0.68251637E-23
 0.37600336E+02  0.68024935E-23
 0.37715990E+02  0.67799958E-23
 0.37831999E+02  0.67576690E-23
 0.37948365E+02  0.67355120E-23
 0.38065088E+02  0.67135235E-23
 0.38182171E+02  0.66917021E-23
 0.38299614E+02  0.66700465E-23
 0.38417418E+02  0.66485555E-23
 0.38535585E+02  0.66272279E-23
 0.38654115E+02  0.66060623E-23
 0.38773009E+02  0.65850575E-23
 0.38892270E+02  0.65642123E-23
 0.39011897E+02  0.65435255E-23
 0.39131892E+02  0.65229958E-23
 0.39252256E+02  0.65026219E-23
 0.39372990E+02  0.64824028E-23
 0.39494096E+02  0.64623371E-23
 0.39615574E+02  0.64424238E-23
 0.39737426E+02  0.64226615E-23
 0.39859653E+02  0.64030492E-23
 0.39982255E+02  0.63835857E-23
 0.40105235E+02  0.63642697E-23
 0.40228593E+02  0.63451002E-23
 0.40352331E+02  0.63260760E-23
 0.40476449E+02  0.63071960E-23
 0.40600948E+02  0.62884590E-23
 0.40725831E+02  0.62698639E-23
 0.40851098E+02  0.62514096E-23
 0.40976750E+02  0.62330949E-23
 0.41102789E+02  0.62149189E-23
 0.41229215E+02  0.61968803E-23
 0.41356030E+02  0.61789781E-23
 0.41483236E+02  0.61612112E-23
 0.41610832E+02  0.61435785E-23
 0.41738821E+02  0.61260790E-23
 0.41867204E+02  0.61087117E-23
 0.41995982E+02  0.60914754E-23
 0.42125155E+02  0.60743691E-23
 0.42254726E+02  0.60573918E-23
 0.42384696E+02  0.60405424E-23
 0.42515065E+02  0.60238200E-23
 0.42645835E+02  0.60072235E-23
 0.42777008E+02  0.59907518E-23
 0.42908584E+02  0.59744041E-23
 0.43040565E+02  0.59581793E-23
 0.43172951E+02  0.59420764E-23
 0.43305745E+02  0.59260944E-23
 0.43438947E+02  0.59102324E-23
 0.43572559E+02  0.58944893E-23
 0.43706582E+02  0.58788643E-23
 0.43841018E+02  0.58633563E-23
 0.43975866E+02  0.58479645E-23
 0.44111130E+02  0.58326878E-23
 0.44246810E+02  0.58175254E-23
 0.44382906E+02  0.58024763E-23
 0.44519422E+02  0.57875396E-23
 0.44656357E+02  0.57727144E-23
 0.44793714E+02  0.57579997E-23
 0.44931493E+02  0.57433947E-23
 0.45069696E+02  0.57288984E-23
 0.45208324E+02  0.57145100E-23
 0.45347378E+02  0.57002286E-23
 0.45486860E+02  0.56860533E-23
 0.45626772E+02  0.56719833E-23
 0.45767113E+02  0.56580176E-23
 0.45907886E+02  0.56441555E-23
 0.46049092E+02  0.56303960E-23
 0.46190733E+02  0.56167383E-23
 0.46332809E+02  0.56031816E-23
 0.46475322E+02  0.55897251E-23
 0.46618273E+02  0.55763678E-23
 0.46761665E+02  0.55631091E-23
 0.46905497E+02  0.55499480E-23
 0.47049772E+02  0.55368838E-23
 0.47194490E+02  0.55239156E-23
 0.47339654E+02  0.55110427E-23
 0.47485264E+02  0.54982642E-23
 0.47631321E+02  0.54855795E-23
 0.47777829E+02  0.54729876E-23
 0.47924786E+02  0.54604879E-23
 0.48072196E+02  0.54480795E-23
 0.48220060E+02  0.54357617E-23
 0.48368378E+02  0.54235338E-23
 0.48517152E+02  0.54113949E-23
 0.48666384E+02  0.53993443E-23
 0.48816075E+02  0.53873814E-23
 0.48966226E+02  0.53755053E-23
 0.49116839E+02  0.53637153E-23
 0.49267916E+02  0.53520108E-23
 0.49419457E+02  0.53403909E-23
 0.49571464E+02  0.53288550E-23
 0.49723939E+02  0.53174023E-23
 0.49876882E+02  0.53060323E-23
 0.50030297E+02  0.52947440E-23
 0.50184183E+02  0.52835370E-23
 0.50338542E+02  0.52724104E-23
 0.50493376E+02  0.52613637E-23
 0.50648687E+02  0.52503960E-23
 0.50804475E+02  0.52395069E-23
 0.50960742E+02  0.52286955E-23
 0.51117490E+02  0.52179613E-23
 0.51274720E+02  0.52073035E-23
 0.51432434E+02  0.51967216E-23
 0.51590633E+02  0.51862148E-23
 0.51749319E+02  0.51757826E-23
 0.51908492E+02  0.51654244E-23
 0.52068155E+02  0.51551394E-23
 0.52228309E+02  0.51449270E-23
 0.52388956E+02  0.51347867E-23
 0.52550097E+02  0.51247178E-23
 0.52711734E+02  0.51147198E-23
 0.52873868E+02  0.51047919E-23
 0.53036500E+02  0.50949337E-23
 0.53199633E+02  0.50851445E-23
 0.53363268E+02  0.50754237E-23
 0.53527405E+02  0.50657707E-23
 0.53692048E+02  0.50561850E-23
 0.53857197E+02  0.50466660E-23
 0.54022854E+02  0.50372131E-23
 0.54189021E+02  0.50278258E-23
 0.54355699E+02  0.50185034E-23
 0.54522889E+02  0.50092455E-23
 0.54690594E+02  0.50000515E-23
 0.54858814E+02  0.49909207E-23
 0.55027552E+02  0.49818528E-23
 0.55196809E+02  0.49728471E-23
 0.55366587E+02  0.49639032E-23
 0.55536886E+02  0.49550204E-23
 0.55707710E+02  0.49461983E-23
 0.55879059E+02  0.49374363E-23
 0.56050935E+02  0.49287339E-23
 0.56223340E+02  0.49200907E-23
 0.56396275E+02  0.49115060E-23
 0.56569742E+02  0.49029795E-23
 0.56743742E+02  0.48945105E-23
 0.56918278E+02  0.48860987E-23
 0.57093350E+02  0.48777435E-23
 0.57268961E+02  0.48694443E-23
 0.57445113E+02  0.48612009E-23
 0.57621806E+02  0.48530126E-23
 0.57799042E+02  0.48448790E-23
 0.57976824E+02  0.48367996E-23
 0.58155152E+02  0.48287739E-23
 0.58334029E+02  0.48208016E-23
 0.58513456E+02  0.48128821E-23
 0.58693435E+02  0.48050150E-23
 0.58873968E+02  0.47971998E-23
 0.59055056E+02  0.47894361E-23
 0.59236701E+02  0.47817234E-23
 0.59418905E+02  0.47740613E-23
 0.59601669E+02  0.47664494E-23
 0.59784995E+02  0.47588873E-23
 0.59968885E+02  0.47513744E-23
 0.60153341E+02  0.47439104E-23
 0.60338364E+02  0.47364949E-23
 0.60523956E+02  0.47291275E-23
 0.60710119E+02  0.47218077E-23
 0.60896855E+02  0.47145351E-23
 0.61084165E+02  0.47073093E-23
 0.61272051E+02  0.47001300E-23
 0.61460516E+02  0.46929967E-23
 0.61649559E+02  0.46859090E-23
 0.61839185E+02  0.46788666E-23
 0.62029393E+02  0.46718690E-23
 0.62220187E+02  0.46649159E-23
 0.62411567E+02  0.46580069E-23
 0.62603536E+02  0.46511416E-23
 0.62796096E+02  0.46443197E-23
 0.62989248E+02  0.46375407E-23
 0.63182994E+02  0.46308043E-23
 0.63377336E+02  0.46241102E-23
 0.63572275E+02  0.46174579E-23
 0.63767815E+02  0.46108472E-23
 0.63963955E+02  0.46042776E-23
 0.64160699E+02  0.45977489E-23
 0.64358049E+02  0.45912606E-23
 0.64556005E+02  0.45848124E-23
 0.64754570E+02  0.45784041E-23
 0.64953746E+02  0.45720352E-23
 0.65153534E+02  0.45657054E-23
 0.65353937E+02  0.45594144E-23
 0.65554957E+02  0.45531619E-23
 0.65756594E+02  0.45469474E-23
 0.65958852E+02  0.45407708E-23
 0.66161732E+02  0.45346317E-23
 0.66365237E+02  0.45285298E-23
 0.66569367E+02  0.45224647E-23
 0.66774125E+02  0.45164362E-23
 0.66979512E+02  0.45104439E-23
 0.67185532E+02  0.45044875E-23
 0.67392185E+02  0.44985668E-23
 0.67599474E+02  0.44926815E-23
 0.67807400E+02  0.44868311E-23
 0.68015966E+02  0.44810155E-23
 0.68225173E+02  0.44752344E-23
 0.68435024E+02  0.44694874E-23
 0.68645521E+02  0.44637743E-23
 0.68856665E+02  0.44580949E-23
 0.69068458E+02  0.44524487E-23
 0.69280903E+02  0.44468356E-23
 0.69494001E+02  0.44412553E-23
 0.69707755E+02  0.44357074E-23
 0.69922166E+02  0.44301918E-23
 0.70137236E+02  0.44247081E-23
 0.70352969E+02  0.44192562E-23
 0.70569364E+02  0.44138356E-23
 0.70786426E+02  0.44084463E-23
 0.71004155E+02  0.44030879E-23
 0.71222553E+02  0.43977601E-23
 0.71441624E+02  0.43924628E-23
 0.71661368E+02  0.43871956E-23
 0.71881788E+02  0.43819583E-23
 0.72102886E+02  0.43767507E-23
 0.72324665E+02  0.43715725E-23
 0.72547125E+02  0.43664236E-23
 0.72770270E+02  0.43613035E-23
 0.72994101E+02  0.43562122E-23
 0.73218620E+02  0.43511494E-23
 0.73443830E+02  0.43461149E-23
 0.73669733E+02  0.43411083E-23
 0.73896331E+02  0.43361296E-23
 0.74123625E+02  0.43311784E-23
 0.74351619E+02  0.43262546E-23
 0.74580314E+02  0.43213579E-23
 0.74809713E+02  0.43164881E-23
 0.75039817E+02  0.43116451E-23
 0.75270628E+02  0.43068285E-23
 0.75502150E+02  0.43020382E-23
 0.75734384E+02  0.42972740E-23
 0.75967332E+02  0.42925356E-23
 0.76200997E+02  0.42878229E-23
 0.76435380E+02  0.42831356E-23
 0.76670485E+02  0.42784736E-23
 0.76906312E+02  0.42738366E-23
 0.77142865E+02  0.42692245E-23
 0.77380146E+02  0.42646370E-23
 0.77618156E+02  0.42600740E-23
 0.77856898E+02  0.42555353E-23
 0.78096375E+02  0.42510206E-23
 0.78336589E+02  0.42465299E-23
 0.78577541E+02  0.42420628E-23
 0.78819234E+02  0.42376193E-23
 0.79061671E+02  0.42331992E-23
 0.79304853E+02  0.42288022E-23
 0.79548784E+02  0.42244282E-23
 0.79793465E+02  0.42200770E-23
 0.80038898E+02  0.42157484E-23
 0.80285086E+02  0.42114423E-23
 0.80532032E+02  0.42071585E-23
 0.80779737E+02  0.42028968E-23
 0.81028204E+02  0.41986570E-23
 0.81277435E+02  0.41944391E-23
 0.81527433E+02  0.41902427E-23
 0.81778200E+02  0.41860678E-23
 0.82029738E+02  0.41819143E-23
 0.82282050E+02  0.41777818E-23
 0.82535138E+02  0.41736703E-23
 0.82789004E+02  0.41695797E-23
 0.83043651E+02  0.41655097E-23
 0.83299082E+02  0.41614602E-23
 0.83555298E+02  0.41574311E-23
 0.83812302E+02  0.41534223E-23
 0.84070097E+02  0.41494334E-23
 0.84328684E+02  0.41454645E-23
 0.84588067E+02  0.41415154E-23
 0.84848248E+02  0.41375858E-23
 0.85109230E+02  0.41336758E-23
 0.85371013E+02  0.41297851E-23
 0.85633603E+02  0.41259136E-23
 0.85896999E+02  0.41220612E-23
 0.86161206E+02  0.41182277E-23
 0.86426226E+02  0.41144129E-23
 0.86692061E+02  0.41106169E-23
 0.86958713E+02  0.41068393E-23
 0.87226186E+02  0.41030802E-23
 0.87494481E+02  0.40993393E-23
 0.87763602E+02  0.40956165E-23
 0.88033550E+02  0.40919118E-23
 0.88304329E+02  0.40882249E-23
 0.88575940E+02  0.40845558E-23
 0.88848387E+02  0.40809043E-23
 0.89121672E+02  0.40772703E-23
 0.89395798E+02  0.40736537E-23
 0.89670767E+02  0.40700544E-23
 0.89946581E+02  0.40664722E-23
 0.90223244E+02  0.40629070E-23
 0.90500758E+02  0.40593587E-23
 0.90779126E+02  0.40558273E-23
 0.91058349E+02  0.40523125E-23
 0.91338432E+02  0.40488143E-23
 0.91619376E+02  0.40453326E-23
 0.91901184E+02  0.40418672E-23
 0.92183859E+02  0.40384180E-23
 0.92467404E+02  0.40349850E-23
 0.92751820E+02  0.40315680E-23
 0.93037112E+02  0.40281669E-23
 0.93323280E+02  0.40247817E-23
 0.93610330E+02  0.40214121E-23
 0.93898262E+02  0.40180582E-23
 0.94187079E+02  0.40147197E-23
 0.94476786E+02  0.40113967E-23
 0.94767383E+02  0.40080890E-23
 0.95058874E+02  0.40047964E-23
 0.95351261E+02  0.40015190E-23
 0.95644548E+02  0.39982566E-23
 0.95938737E+02  0.39950092E-23
 0.96233831E+02  0.39917765E-23
 0.96529833E+02  0.39885586E-23
 0.96826745E+02  0.39853553E-23
 0.97124570E+02  0.39821666E-23
 0.97423312E+02  0.39789923E-23
 0.97722972E+02  0.39758324E-23
 0.98023554E+02  0.39726867E-23
 0.98325060E+02  0.39695553E-23
 0.98627494E+02  0.39664380E-23
 0.98930858E+02  0.39633347E-23
 0.99235156E+02  0.39602453E-23
 0.99540389E+02  0.39571697E-23
 0.99846561E+02  0.39541080E-23
 0.10015367E+03  0.39510599E-23
 0.10046173E+03  0.39480254E-23
 0.10077074E+03  0.39450045E-23
 0.10108070E+03  0.39419970E-23
 0.10139161E+03  0.39390028E-23
 0.10170347E+03  0.39360220E-23
 0.10201630E+03  0.39330543E-23
 0.10233008E+03  0.39300998E-23
 0.10264484E+03  0.39271584E-23
 0.10296056E+03  0.39242299E-23
 0.10327725E+03  0.39213144E-23
 0.10359492E+03  0.39184117E-23
 0.10391356E+03  0.39155217E-23
 0.10423318E+03  0.39126444E-23
 0.10455379E+03  0.39097798E-23
 0.10487538E+03  0.39069277E-23
 0.10519796E+03  0.39040881E-23
 0.10552154E+03  0.39012610E-23
 0.10584611E+03  0.38984461E-23
 0.10617168E+03  0.38956436E-23
 0.10649824E+03  0.38928533E-23
 0.10682582E+03  0.38900751E-23
 0.10715440E+03  0.38873090E-23
 0.10748399E+03  0.38845549E-23
 0.10781460E+03  0.38818128E-23
 0.10814622E+03  0.38790826E-23
 0.10847886E+03  0.38763642E-23
 0.10881253E+03  0.38736576E-23
 0.10914722E+03  0.38709627E-23
 0.10948294E+03  0.38682794E-23
 0.10981969E+03  0.38656078E-23
 0.11015748E+03  0.38629476E-23
 0.11049631E+03  0.38602990E-23
 0.11083618E+03  0.38576618E-23
 0.11117710E+03  0.38550359E-23
 0.11151906E+03  0.38524213E-23
 0.11186208E+03  0.38498180E-23
 0.11220615E+03  0.38472259E-23
 0.11255128E+03  0.38446449E-23
 0.11289747E+03  0.38420751E-23
 0.11324473E+03  0.38395162E-23
 0.11359306E+03  0.38369684E-23
 0.11394245E+03  0.38344314E-23
 0.11429292E+03  0.38319054E-23
 0.11464447E+03  0.38293902E-23
 0.11499710E+03  0.38268857E-23
 0.11535082E+03  0.38243920E-23
 0.11570562E+03  0.38219090E-23
 0.11606151E+03  0.38194366E-23
 0.11641850E+03  0.38169748E-23
 0.11677659E+03  0.38145235E-23
 0.11713578E+03  0.38120828E-23
 0.11749607E+03  0.38096524E-23
 0.11785747E+03  0.38072325E-23
 0.11821998E+03  0.38048229E-23
 0.11858361E+03  0.38024237E-23
 0.11894836E+03  0.38000347E-23
 0.11931423E+03  0.37976559E-23
 0.11968122E+03  0.37952873E-23
 0.12004934E+03  0.37929289E-23
 0.12041860E+03  0.37905805E-23
 0.12078899E+03  0.37882422E-23
 0.12116052E+03  0.37859139E-23
 0.12153319E+03  0.37835956E-23
 0.12190701E+03  0.37812872E-23
 0.12228198E+03  0.37789887E-23
 0.12265810E+03  0.37767001E-23
 0.12303538E+03  0.37744213E-23
 0.12341382E+03  0.37721523E-23
 0.12379342E+03  0.37698930E-23
 0.12417419E+03  0.37676434E-23
 0.12455613E+03  0.37654034E-23
 0.12493925E+03  0.37631731E-23
 0.12532355E+03  0.37609524E-23
 0.12570902E+03  0.37587413E-23
 0.12609569E+03  0.37565397E-23
 0.12648354E+03  0.37543476E-23
 0.12687259E+03  0.37521649E-23
 0.12726283E+03  0.37499916E-23
 0.12765427E+03  0.37478278E-23
 0.12804692E+03  0.37456733E-23
 0.12844077E+03  0.37435281E-23
 0.12883584E+03  0.37413922E-23
 0.12923212E+03  0.37392656E-23
 0.12962962E+03  0.37371482E-23
 0.13002834E+03  0.37350400E-23
 0.13042829E+03  0.37329410E-23
 0.13082947E+03  0.37308511E-23
 0.13123188E+03  0.37287703E-23
 0.13163553E+03  0.37266986E-23
 0.13204042E+03  0.37246359E-23
 0.13244656E+03  0.37225823E-23
 0.13285395E+03  0.37205377E-23
 0.13326259E+03  0.37185020E-23
 0.13367248E+03  0.37164753E-23
 0.13408364E+03  0.37144574E-23
 0.13449606E+03  0.37124485E-23
 0.13490975E+03  0.37104485E-23
 0.13532472E+03  0.37084572E-23
 0.13574096E+03  0.37064748E-23
 0.13615848E+03  0.37045012E-23
 0.13657728E+03  0.37025363E-23
 0.13699737E+03  0.37005801E-23
 0.13741876E+03  0.36986327E-23
 0.13784144E+03  0.36966940E-23
 0.13826542E+03  0.36947639E-23
 0.13869070E+03  0.36928424E-23
 0.13911730E+03  0.36909296E-23
 0.13954520E+03  0.36890254E-23
 0.13997442E+03  0.36871297E-23
 0.14040496E+03  0.36852426E-23
 0.14083683E+03  0.36833641E-23
 0.14127002E+03  0.36814940E-23
 0.14170455E+03  0.36796325E-23
 0.14214041E+03  0.36777794E-23
 0.14257762E+03  0.36759347E-23
 0.14301617E+03  0.36740985E-23
 0.14345606E+03  0.36722707E-23
 0.14389731E+03  0.36704513E-23
 0.14433992E+03  0.36686402E-23
 0.14478389E+03  0.36668376E-23
 0.14522922E+03  0.36650432E-23
 0.14567593E+03  0.36632572E-23
 0.14612401E+03  0.36614795E-23
 0.14657346E+03  0.36597100E-23
 0.14702430E+03  0.36579488E-23
 0.14747653E+03  0.36561959E-23
 0.14793015E+03  0.36544512E-23
 0.14838516E+03  0.36527147E-23
 0.14884157E+03  0.36509865E-23
 0.14929939E+03  0.36492664E-23
 0.14975861E+03  0.36475545E-23
 0.15021925E+03  0.36458507E-23
 0.15068130E+03  0.36441551E-23
 0.15114477E+03  0.36424676E-23
 0.15160967E+03  0.36407882E-23
 0.15207600E+03  0.36391170E-23
 0.15254377E+03  0.36374538E-23
 0.15301297E+03  0.36357987E-23
 0.15348362E+03  0.36341516E-23
 0.15395571E+03  0.36325126E-23
 0.15442926E+03  0.36308816E-23
 0.15490426E+03  0.36292587E-23
 0.15538072E+03  0.36276438E-23
 0.15585865E+03  0.36260368E-23
 0.15633805E+03  0.36244379E-23
 0.15681892E+03  0.36228469E-23
 0.15730128E+03  0.36212639E-23
 0.15778511E+03  0.36196889E-23
 0.15827044E+03  0.36181218E-23
 0.15875725E+03  0.36165626E-23
 0.15924557E+03  0.36150114E-23
 0.15973539E+03  0.36134680E-23
 0.16022671E+03  0.36119326E-23
 0.16071954E+03  0.36104051E-23
 0.16121389E+03  0.36088855E-23
 0.16170976E+03  0.36073737E-23
 0.16220716E+03  0.36058698E-23
 0.16270609E+03  0.36043738E-23
 0.16320655E+03  0.36028857E-23
 0.16370855E+03  0.36014053E-23
 0.16421209E+03  0.35999329E-23
 0.16471719E+03  0.35984682E-23
 0.16522383E+03  0.35970114E-23
 0.16573204E+03  0.35955624E-23
 0.16624181E+03  0.35941213E-23
 0.16675314E+03  0.35926879E-23
 0.16726605E+03  0.35912623E-23
 0.16778054E+03  0.35898446E-23
 0.16829661E+03  0.35884346E-23
 0.16881426E+03  0.35870324E-23
 0.16933351E+03  0.35856380E-23
 0.16985436E+03  0.35842514E-23
 0.17037681E+03  0.35828725E-23
 0.17090086E+03  0.35815014E-23
 0.17142653E+03  0.35801381E-23
 0.17195381E+03  0.35787825E-23
 0.17248272E+03  0.35774347E-23
 0.17301325E+03  0.35760946E-23
 0.17354541E+03  0.35747623E-23
 0.17407921E+03  0.35734377E-23
 0.17461466E+03  0.35721209E-23
 0.17515175E+03  0.35708118E-23
 0.17569049E+03  0.35695104E-23
 0.17623089E+03  0.35682168E-23
 0.17677295E+03  0.35669309E-23
 0.17731668E+03  0.35656528E-23
 0.17786208E+03  0.35643824E-23
 0.17840916E+03  0.35631197E-23
 0.17895792E+03  0.35618647E-23
 0.17950837E+03  0.35606175E-23
 0.18006051E+03  0.35593780E-23
 0.18061435E+03  0.35581462E-23
 0.18116989E+03  0.35569222E-23
 0.18172715E+03  0.35557058E-23
 0.18228611E+03  0.35544972E-23
 0.18284680E+03  0.35532964E-23
 0.18340921E+03  0.35521032E-23
 0.18397335E+03  0.35509178E-23
 0.18453923E+03  0.35497401E-23
 0.18510684E+03  0.35485702E-23
 0.18567621E+03  0.35474079E-23
 0.18624732E+03  0.35462535E-23
 0.18682019E+03  0.35451067E-23
 0.18739482E+03  0.35439677E-23
 0.18797122E+03  0.35428364E-23
 0.18854939E+03  0.35417129E-23
 0.18912935E+03  0.35405971E-23
 0.18971108E+03  0.35394891E-23
 0.19029460E+03  0.35383888E-23
 0.19087992E+03  0.35372963E-23
 0.19146704E+03  0.35362115E-23
 0.19205597E+03  0.35351345E-23
 0.19264671E+03  0.35340653E-23
 0.19323926E+03  0.35330038E-23
 0.19383364E+03  0.35319501E-23
 0.19442984E+03  0.35309042E-23
 0.19502788E+03  0.35298661E-23
 0.19562776E+03  0.35288357E-23
 0.19622948E+03  0.35278132E-23
 0.19683305E+03  0.35267984E-23
 0.19743849E+03  0.35257915E-23
 0.19804578E+03  0.35247924E-23
 0.19865494E+03  0.35238011E-23
 0.19926597E+03  0.35228176E-23
 0.19987889E+03  0.35218419E-23
 0.20049369E+03  0.35208741E-23
 0.20111038E+03  0.35199141E-23
 0.20172896E+03  0.35189620E-23
 0.20234945E+03  0.35180177E-23
 0.20297185E+03  0.35170813E-23
 0.20359616E+03  0.35161527E-23
 0.20422240E+03  0.35152321E-23
 0.20485056E+03  0.35143193E-23
 0.20548065E+03  0.35134144E-23
 0.20611268E+03  0.35125175E-23
 0.20674665E+03  0.35116284E-23
 0.20738257E+03  0.35107472E-23
 0.20802045E+03  0.35098740E-23
 0.20866029E+03  0.35090088E-23
 0.20930210E+03  0.35081514E-23
 0.20994589E+03  0.35073021E-23
 0.21059165E+03  0.35064606E-23
 0.21123940E+03  0.35056272E-23
 0.21188914E+03  0.35048018E-23
 0.21254088E+03  0.35039843E-23
 0.21319463E+03  0.35031749E-23
 0.21385039E+03  0.35023735E-23
 0.21450816E+03  0.35015801E-23
 0.21516796E+03  0.35007947E-23
 0.21582978E+03  0.35000174E-23
 0.21649364E+03  0.34992482E-23
 0.21715955E+03  0.34984870E-23
 0.21782750E+03  0.34977339E-23
 0.21849750E+03  0.34969890E-23
 0.21916957E+03  0.34962521E-23
 0.21984371E+03  0.34955233E-23
 0.22051991E+03  0.34948027E-23
 0.22119820E+03  0.34940903E-23
 0.22187858E+03  0.34933859E-23
 0.22256104E+03  0.34926898E-23
 0.22324561E+03  0.34920019E-23
 0.22393228E+03  0.34913221E-23
 0.22462107E+03  0.34906506E-23
 0.22531197E+03  0.34899873E-23
 0.22600500E+03  0.34893322E-23
 0.22670016E+03  0.34886854E-23
 0.22739745E+03  0.34880469E-23
 0.22809689E+03  0.34874166E-23
 0.22879849E+03  0.34867947E-23
 0.22950224E+03  0.34861810E-23
 0.23020816E+03  0.34855757E-23
 0.23091624E+03  0.34849788E-23
 0.23162651E+03  0.34843902E-23
 0.23233896E+03  0.34838099E-23
 0.23305360E+03  0.34832381E-23
 0.23377044E+03  0.34826747E-23
 0.23448949E+03  0.34821197E-23
 0.23521074E+03  0.34815732E-23
 0.23593422E+03  0.34810351E-23
 0.23665992E+03  0.34805055E-23
 0.23738785E+03  0.34799844E-23
 0.23811802E+03  0.34794717E-23
 0.23885044E+03  0.34789677E-23
 0.23958511E+03  0.34784721E-23
 0.24032204E+03  0.34779852E-23
 0.24106123E+03  0.34775068E-23
 0.24180270E+03  0.34770370E-23
 0.24254646E+03  0.34765759E-23
 0.24329249E+03  0.34761233E-23
 0.24404083E+03  0.34756795E-23
 0.24479146E+03  0.34752443E-23
 0.24554441E+03  0.34748178E-23
 0.24629967E+03  0.34744000E-23
 0.24705725E+03  0.34739910E-23
 0.24781716E+03  0.34735907E-23
 0.24857941E+03  0.34731992E-23
 0.24934401E+03  0.34728165E-23
 0.25011095E+03  0.34724426E-23
 0.25088026E+03  0.34720776E-23
 0.25165193E+03  0.34717214E-23
 0.25242598E+03  0.34713740E-23
 0.25320240E+03  0.34710356E-23
 0.25398122E+03  0.34707061E-23
 0.25476243E+03  0.34703856E-23
 0.25554604E+03  0.34700740E-23
 0.25633206E+03  0.34697714E-23
 0.25712050E+03  0.34694779E-23
 0.25791137E+03  0.34691933E-23
 0.25870467E+03  0.34689178E-23
 0.25950041E+03  0.34686514E-23
 0.26029859E+03  0.34683941E-23
 0.26109924E+03  0.34681459E-23
 0.26190234E+03  0.34679069E-23
 0.26270792E+03  0.34676770E-23
 0.26351597E+03  0.34674564E-23
 0.26432650E+03  0.34672450E-23
 0.26513954E+03  0.34670428E-23
 0.26595507E+03  0.34668498E-23
 0.26677311E+03  0.34666662E-23
 0.26759366E+03  0.34664919E-23
 0.26841674E+03  0.34663270E-23
 0.26924236E+03  0.34661714E-23
 0.27007051E+03  0.34660252E-23
 0.27090121E+03  0.34658884E-23
 0.27173446E+03  0.34657611E-23
 0.27257028E+03  0.34656433E-23
 0.27340866E+03  0.34655350E-23
 0.27424963E+03  0.34654361E-23
 0.27509318E+03  0.34653469E-23
 0.27593933E+03  0.34652672E-23
 0.27678808E+03  0.34651972E-23
 0.27763944E+03  0.34651368E-23
 0.27849342E+03  0.34650860E-23
 0.27935003E+03  0.34650449E-23
 0.28020927E+03  0.34650136E-23
 0.28107115E+03  0.34649920E-23
 0.28193569E+03  0.34649802E-23
 0.28280288E+03  0.34649782E-23
 0.28367274E+03  0.34649860E-23
 0.28454528E+03  0.34650037E-23
 0.28542050E+03  0.34650313E-23
 0.28629841E+03  0.34650688E-23
 0.28717903E+03  0.34651163E-23
 0.28806235E+03  0.34651738E-23
 0.28894839E+03  0.34652412E-23
 0.28983715E+03  0.34653188E-23
 0.29072865E+03  0.34654064E-23
 0.29162289E+03  0.34655041E-23
 0.29251988E+03  0.34656119E-23
 0.29341963E+03  0.34657299E-23
 0.29432215E+03  0.34658581E-23
 0.29522744E+03  0.34659966E-23
 0.29613552E+03  0.34661453E-23
 0.29704639E+03  0.34663043E-23
 0.29796006E+03  0.34664736E-23
 0.29887654E+03  0.34666533E-23
 0.29979584E+03  0.34668434E-23
 0.30071797E+03  0.34670440E-23
 0.30164294E+03  0.34672550E-23
 0.30257075E+03  0.34674764E-23
 0.30350142E+03  0.34677085E-23
 0.30443494E+03  0.34679510E-23
 0.30537134E+03  0.34682042E-23
 0.30631062E+03  0.34684680E-23
 0.30725279E+03  0.34687425E-23
 0.30819785E+03  0.34690277E-23
 0.30914583E+03  0.34693236E-23
 0.31009672E+03  0.34696303E-23
 0.31105053E+03  0.34699478E-23
 0.31200728E+03  0.34702761E-23
 0.31296697E+03  0.34706153E-23
 0.31392961E+03  0.34709655E-23
 0.31489521E+03  0.34713266E-23
 0.31586378E+03  0.34716986E-23
 0.31683534E+03  0.34720817E-23
 0.31780988E+03  0.34724759E-23
 0.31878741E+03  0.34728812E-23
 0.31976796E+03  0.34732976E-23
 0.32075152E+03  0.34737251E-23
 0.32173811E+03  0.34741639E-23
 0.32272773E+03  0.34746140E-23
 0.32372039E+03  0.34750753E-23
 0.32471611E+03  0.34755480E-23
 0.32571489E+03  0.34760320E-23
 0.32671674E+03  0.34765275E-23
 0.32772168E+03  0.34770344E-23
 0.32872970E+03  0.34775527E-23
 0.32974083E+03  0.34780826E-23
 0.33075506E+03  0.34786241E-23
 0.33177242E+03  0.34791772E-23
 0.33279290E+03  0.34797419E-23
 0.33381653E+03  0.34803183E-23
 0.33484330E+03  0.34809065E-23
 0.33587323E+03  0.34815064E-23
 0.33690633E+03  0.34821181E-23
 0.33794261E+03  0.34827417E-23
 0.33898207E+03  0.34833772E-23
 0.34002473E+03  0.34840246E-23
 0.34107060E+03  0.34846840E-23
 0.34211968E+03  0.34853554E-23
 0.34317199E+03  0.34860389E-23
 0.34422754E+03  0.34867345E-23
 0.34528634E+03  0.34874423E-23
 0.34634839E+03  0.34881622E-23
 0.34741371E+03  0.34888944E-23
 0.34848230E+03  0.34896389E-23
 0.34955418E+03  0.34903957E-23
 0.35062936E+03  0.34911649E-23
 0.35170785E+03  0.34919465E-23
 0.35278965E+03  0.34927405E-23
 0.35387478E+03  0.34935471E-23
 0.35496325E+03  0.34943662E-23
 0.35605507E+03  0.34951980E-23
 0.35715024E+03  0.34960423E-23
 0.35824879E+03  0.34968994E-23
 0.35935071E+03  0.34977692E-23
 0.36045602E+03  0.34986518E-23
 0.36156473E+03  0.34995472E-23
 0.36267685E+03  0.35004555E-23
 0.36379240E+03  0.35013767E-23
 0.36491137E+03  0.35023109E-23
 0.36603379E+03  0.35032582E-23
 0.36715965E+03  0.35042185E-23
 0.36828898E+03  0.35051919E-23
 0.36942179E+03  0.35061785E-23
 0.37055808E+03  0.35071783E-23
 0.37169786E+03  0.35081913E-23
 0.37284115E+03  0.35092177E-23
 0.37398796E+03  0.35102575E-23
 0.37513829E+03  0.35113107E-23
 0.37629216E+03  0.35123773E-23
 0.37744959E+03  0.35134575E-23
 0.37861057E+03  0.35145512E-23
 0.37977512E+03  0.35156585E-23
 0.38094325E+03  0.35167795E-23
 0.38211498E+03  0.35179143E-23
 0.38329031E+03  0.35190628E-23
 0.38446926E+03  0.35202251E-23
 0.38565183E+03  0.35214013E-23
 0.38683804E+03  0.35225914E-23
 0.38802790E+03  0.35237955E-23
 0.38922142E+03  0.35250137E-23
 0.39041861E+03  0.35262459E-23
 0.39161948E+03  0.35274923E-23
 0.39282405E+03  0.35287529E-23
 0.39403232E+03  0.35300277E-23
 0.39524431E+03  0.35313169E-23
 0.39646002E+03  0.35326204E-23
 0.39767948E+03  0.35339383E-23
 0.39890268E+03  0.35352706E-23
 0.40012965E+03  0.35366175E-23
 0.40136039E+03  0.35379790E-23
 0.40259492E+03  0.35393551E-23
 0.40383324E+03  0.35407459E-23
 0.40507538E+03  0.35421515E-23
 0.40632133E+03  0.35435719E-23
 0.40757112E+03  0.35450071E-23
 0.40882475E+03  0.35464572E-23
 0.41008224E+03  0.35479224E-23
 0.41134359E+03  0.35494025E-23
 0.41260883E+03  0.35508978E-23
 0.41387795E+03  0.35524082E-23
 0.41515098E+03  0.35539338E-23
 0.41642793E+03  0.35554747E-23
 0.41770880E+03  0.35570310E-23
 0.41899361E+03  0.35586026E-23
 0.42028238E+03  0.35601897E-23
 0.42157511E+03  0.35617923E-23
 0.42287181E+03  0.35634104E-23
 0.42417251E+03  0.35650442E-23
 0.42547720E+03  0.35666937E-23
 0.42678591E+03  0.35683590E-23
 0.42809864E+03  0.35700401E-23
 0.42941541E+03  0.35717371E-23
 0.43073623E+03  0.35734500E-23
 0.43206111E+03  0.35751790E-23
 0.43339007E+03  0.35769241E-23
 0.43472312E+03  0.35786853E-23
 0.43606027E+03  0.35804627E-23
 0.43740153E+03  0.35822564E-23
 0.43874691E+03  0.35840665E-23
 0.44009643E+03  0.35858930E-23
 0.44145011E+03  0.35877360E-23
 0.44280795E+03  0.35895956E-23
 0.44416996E+03  0.35914718E-23
 0.44553616E+03  0.35933648E-23
 0.44690657E+03  0.35952746E-23
 0.44828119E+03  0.35972013E-23
 0.44966004E+03  0.35991449E-23
 0.45104313E+03  0.36011056E-23
 0.45243047E+03  0.36030835E-23
 0.45382209E+03  0.36050786E-23
 0.45521798E+03  0.36070911E-23
 0.45661816E+03  0.36091210E-23
 0.45802266E+03  0.36111685E-23
 0.45943147E+03  0.36132338E-23
 0.46084462E+03  0.36153169E-23
 0.46226211E+03  0.36174181E-23
 0.46368396E+03  0.36195374E-23
 0.46511019E+03  0.36216752E-23
 0.46654080E+03  0.36238317E-23
 0.46797581E+03  0.36260071E-23
 0.46941524E+03  0.36282019E-23
 0.47085910E+03  0.36304164E-23
 0.47230739E+03  0.36326512E-23
 0.47376014E+03  0.36349071E-23
 0.47521736E+03  0.36371851E-23
 0.47667906E+03  0.36394864E-23
 0.47814526E+03  0.36418128E-23
 0.47961597E+03  0.36441670E-23
 0.48109120E+03  0.36465529E-23
 0.48257096E+03  0.36489766E-23
 0.48405528E+03  0.36514480E-23
 0.48554417E+03  0.36539840E-23
 0.48703763E+03  0.36566161E-23
 0.48853569E+03  0.36594075E-23
 0.49003836E+03  0.36625027E-23
 0.49154565E+03  0.36662947E-23
 0.49305757E+03  0.36721946E-23
 0.49457415E+03  0.36888486E-23
 0.49609539E+03  0.40590321E-23
 0.49762131E+03  0.37397751E-23
 0.49915192E+03  0.36870077E-23
 0.50068724E+03  0.36826349E-23
 0.50222728E+03  0.36830945E-23
 0.50377206E+03  0.36847850E-23
 0.50532159E+03  0.36869370E-23
 0.50687589E+03  0.36893072E-23
 0.50843497E+03  0.36917994E-23
 0.50999884E+03  0.36943690E-23
 0.51156753E+03  0.36969935E-23
 0.51314103E+03  0.36996603E-23
 0.51471938E+03  0.37023621E-23
 0.51630259E+03  0.37050944E-23
 0.51789066E+03  0.37078542E-23
 0.51948362E+03  0.37106396E-23
 0.52108148E+03  0.37134493E-23
 0.52268425E+03  0.37162824E-23
 0.52429195E+03  0.37191382E-23
 0.52590460E+03  0.37220164E-23
 0.52752221E+03  0.37249167E-23
 0.52914479E+03  0.37278387E-23
 0.53077236E+03  0.37307823E-23
 0.53240495E+03  0.37337475E-23
 0.53404255E+03  0.37367341E-23
 0.53568519E+03  0.37397422E-23
 0.53733288E+03  0.37427717E-23
 0.53898564E+03  0.37458227E-23
 0.54064348E+03  0.37488951E-23
 0.54230642E+03  0.37519889E-23
 0.54397448E+03  0.37551043E-23
 0.54564767E+03  0.37582412E-23
 0.54732600E+03  0.37613997E-23
 0.54900950E+03  0.37645799E-23
 0.55069818E+03  0.37677818E-23
 0.55239205E+03  0.37710055E-23
 0.55409112E+03  0.37742510E-23
 0.55579543E+03  0.37775185E-23
 0.55750498E+03  0.37808079E-23
 0.55921978E+03  0.37841194E-23
 0.56093986E+03  0.37874530E-23
 0.56266524E+03  0.37908088E-23
 0.56439591E+03  0.37941868E-23
 0.56613192E+03  0.37975872E-23
 0.56787326E+03  0.38010101E-23
 0.56961995E+03  0.38044555E-23
 0.57137202E+03  0.38079234E-23
 0.57312948E+03  0.38114140E-23
 0.57489235E+03  0.38149274E-23
 0.57666064E+03  0.38184635E-23
 0.57843436E+03  0.38220226E-23
 0.58021354E+03  0.38256047E-23
 0.58199820E+03  0.38292098E-23
 0.58378834E+03  0.38328381E-23
 0.58558399E+03  0.38364896E-23
 0.58738517E+03  0.38401645E-23
 0.58919188E+03  0.38438627E-23
 0.59100415E+03  0.38475845E-23
 0.59282199E+03  0.38513298E-23
 0.59464543E+03  0.38550987E-23
 0.59647448E+03  0.38588914E-23
 0.59830915E+03  0.38627079E-23
 0.60014946E+03  0.38665484E-23
 0.60199543E+03  0.38704128E-23
 0.60384709E+03  0.38743013E-23
 0.60570443E+03  0.38782140E-23
 0.60756750E+03  0.38821509E-23
 0.60943629E+03  0.38861122E-23
 0.61131083E+03  0.38900979E-23
 0.61319113E+03  0.38941082E-23
 0.61507722E+03  0.38981430E-23
 0.61696911E+03  0.39022025E-23
 0.61886682E+03  0.39062869E-23
 0.62077037E+03  0.39103960E-23
 0.62267977E+03  0.39145302E-23
 0.62459504E+03  0.39186894E-23
 0.62651621E+03  0.39228737E-23
 0.62844328E+03  0.39270833E-23
 0.63037629E+03  0.39313181E-23
 0.63231523E+03  0.39355784E-23
 0.63426014E+03  0.39398642E-23
 0.63621104E+03  0.39441756E-23
 0.63816793E+03  0.39485126E-23
 0.64013085E+03  0.39528754E-23
 0.64209980E+03  0.39572641E-23
 0.64407481E+03  0.39616787E-23
 0.64605589E+03  0.39661194E-23
 0.64804307E+03  0.39705862E-23
 0.65003635E+03  0.39750792E-23
 0.65203577E+03  0.39795986E-23
 0.65404134E+03  0.39841443E-23
 0.65605308E+03  0.39887166E-23
 0.65807101E+03  0.39933154E-23
 0.66009514E+03  0.39979410E-23
 0.66212550E+03  0.40025933E-23
 0.66416210E+03  0.40072725E-23
 0.66620497E+03  0.40119787E-23
 0.66825412E+03  0.40167119E-23
 0.67030958E+03  0.40214723E-23
 0.67237136E+03  0.40262600E-23
 0.67443947E+03  0.40310749E-23
 0.67651395E+03  0.40359174E-23
 0.67859481E+03  0.40407874E-23
 0.68068208E+03  0.40456850E-23
 0.68277576E+03  0.40506103E-23
 0.68487588E+03  0.40555634E-23
 0.68698246E+03  0.40605445E-23
 0.68909552E+03  0.40655536E-23
 0.69121508E+03  0.40705908E-23
 0.69334116E+03  0.40756562E-23
 0.69547378E+03  0.40807499E-23
 0.69761296E+03  0.40858720E-23
 0.69975872E+03  0.40910226E-23
 0.70191107E+03  0.40962017E-23
 0.70407005E+03  0.41014096E-23
 0.70623567E+03  0.41066463E-23
 0.70840795E+03  0.41119119E-23
 0.71058691E+03  0.41172064E-23
 0.71277258E+03  0.41225300E-23
 0.71496497E+03  0.41278828E-23
 0.71716410E+03  0.41332649E-23
 0.71936999E+03  0.41386764E-23
 0.72158267E+03  0.41441173E-23
 0.72380216E+03  0.41495878E-23
 0.72602847E+03  0.41550880E-23
 0.72826163E+03  0.41606180E-23
 0.73050166E+03  0.41661778E-23
 0.73274858E+03  0.41717677E-23
 0.73500241E+03  0.41773876E-23
 0.73726317E+03  0.41830376E-23
 0.73953089E+03  0.41887180E-23
 0.74180558E+03  0.41944287E-23
 0.74408727E+03  0.42001699E-23
 0.74637598E+03  0.42059417E-23
 0.74867172E+03  0.42117442E-23
 0.75097453E+03  0.42175774E-23
 0.75328442E+03  0.42234416E-23
 0.75560142E+03  0.42293367E-23
 0.75792554E+03  0.42352629E-23
 0.76025681E+03  0.42412203E-23
 0.76259525E+03  0.42472090E-23
 0.76494089E+03  0.42532291E-23
 0.76729374E+03  0.42592807E-23
 0.76965382E+03  0.42653639E-23
 0.77202117E+03  0.42714789E-23
 0.77439580E+03  0.42776256E-23
 0.77677773E+03  0.42838042E-23
 0.77916699E+03  0.42900149E-23
 0.78156359E+03  0.42962577E-23
 0.78396757E+03  0.43025327E-23
 0.78637895E+03  0.43088400E-23
 0.78879774E+03  0.43151798E-23
 0.79122397E+03  0.43215521E-23
 0.79365766E+03  0.43279571E-23
 0.79609884E+03  0.43343948E-23
 0.79854752E+03  0.43408653E-23
 0.80100374E+03  0.43473689E-23
 0.80346752E+03  0.43539055E-23
 0.80593887E+03  0.43604753E-23
 0.80841782E+03  0.43670783E-23
 0.81090440E+03  0.43737148E-23
 0.81339863E+03  0.43803848E-23
 0.81590052E+03  0.43870883E-23
 0.81841012E+03  0.43938256E-23
 0.82092743E+03  0.44005967E-23
 0.82345249E+03  0.44074017E-23
 0.82598531E+03  0.44142407E-23
 0.82852592E+03  0.44211139E-23
 0.83107435E+03  0.44280213E-23
 0.83363062E+03  0.44349631E-23
 0.83619475E+03  0.44419394E-23
 0.83876676E+03  0.44489502E-23
 0.84134669E+03  0.44559957E-23
 0.84393456E+03  0.44630761E-23
 0.84653038E+03  0.44701913E-23
 0.84913419E+03  0.44773415E-23
 0.85174600E+03  0.44845269E-23
 0.85436585E+03  0.44917475E-23
 0.85699376E+03  0.44990034E-23
 0.85962975E+03  0.45062948E-23
 0.86227385E+03  0.45136217E-23
 0.86492608E+03  0.45209844E-23
 0.86758647E+03  0.45283828E-23
 0.87025504E+03  0.45358171E-23
 0.87293182E+03  0.45432874E-23
 0.87561684E+03  0.45507939E-23
 0.87831011E+03  0.45583365E-23
 0.88101167E+03  0.45659156E-23
 0.88372154E+03  0.45735310E-23
 0.88643974E+03  0.45811831E-23
 0.88916630E+03  0.45888718E-23
 0.89190125E+03  0.45965974E-23
 0.89464461E+03  0.46043598E-23
 0.89739641E+03  0.46121593E-23
 0.90015667E+03  0.46199959E-23
 0.90292543E+03  0.46278698E-23
 0.90570270E+03  0.46357811E-23
 0.90848851E+03  0.46437298E-23
 0.91128289E+03  0.46517161E-23
 0.91408587E+03  0.46597402E-23
 0.91689747E+03  0.46678020E-23
 0.91971771E+03  0.46759018E-23
 0.92254664E+03  0.46840397E-23
 0.92538426E+03  0.46922158E-23
 0.92823061E+03  0.47004302E-23
 0.93108571E+03  0.47086830E-23
 0.93394960E+03  0.47169743E-23
 0.93682230E+03  0.47253043E-23
 0.93970383E+03  0.47336731E-23
 0.94259423E+03  0.47420808E-23
 0.94549351E+03  0.47505275E-23
 0.94840172E+03  0.47590135E-23
 0.95131886E+03  0.47675387E-23
 0.95424499E+03  0.47761034E-23
 0.95718011E+03  0.47847078E-23
 0.96012426E+03  0.47933519E-23
 0.96307746E+03  0.48020361E-23
 0.96603975E+03  0.48107607E-23
 0.96901115E+03  0.48195259E-23
 0.97199169E+03  0.48283325E-23
 0.97498140E+03  0.48371813E-23
 0.97798031E+03  0.48460745E-23
 0.98098844E+03  0.48550167E-23
 0.98400582E+03  0.48640211E-23
 0.98703248E+03  0.48731412E-23
 0.99006845E+03  0.48828163E-23
 0.99311376E+03  0.75284524E-23
 0.99616844E+03  0.49009572E-23
 0.99923251E+03  0.49095505E-23
 0.10023060E+04  0.49186526E-23
 0.10053890E+04  0.49278659E-23
 0.10084814E+04  0.49371410E-23
 0.10115833E+04  0.49464657E-23
 0.10146948E+04  0.49558358E-23
 0.10178159E+04  0.49652498E-23
 0.10209465E+04  0.49747070E-23
 0.10240868E+04  0.49842069E-23
 0.10272368E+04  0.49937496E-23
 0.10303964E+04  0.50033349E-23
 0.10335658E+04  0.50129629E-23
 0.10367449E+04  0.50226336E-23
 0.10399337E+04  0.50323472E-23
 0.10431324E+04  0.50421038E-23
 0.10463410E+04  0.50519034E-23
 0.10495594E+04  0.50617461E-23
 0.10527876E+04  0.50716321E-23
 0.10560259E+04  0.50815615E-23
 0.10592741E+04  0.50915344E-23
 0.10625322E+04  0.51015509E-23
 0.10658004E+04  0.51116112E-23
 0.10690787E+04  0.51217153E-23
 0.10723670E+04  0.51318634E-23
 0.10756655E+04  0.51420557E-23
 0.10789741E+04  0.51522921E-23
 0.10822928E+04  0.51625730E-23
 0.10856218E+04  0.51728984E-23
 0.10889610E+04  0.51832683E-23
 0.10923105E+04  0.51936831E-23
 0.10956703E+04  0.52041427E-23
 0.10990404E+04  0.52146473E-23
 0.11024209E+04  0.52251971E-23
 0.11058118E+04  0.52357921E-23
 0.11092131E+04  0.52464325E-23
 0.11126249E+04  0.52571185E-23
 0.11160472E+04  0.52678501E-23
 0.11194800E+04  0.52786275E-23
 0.11229234E+04  0.52894508E-23
 0.11263773E+04  0.53003202E-23
 0.11298419E+04  0.53112357E-23
 0.11333171E+04  0.53221976E-23
 0.11368030E+04  0.53332059E-23
 0.11402997E+04  0.53442608E-23
 0.11438071E+04  0.53553624E-23
 0.11473253E+04  0.53665108E-23
 0.11508543E+04  0.53777062E-23
 0.11543942E+04  0.53889487E-23
 0.11579449E+04  0.54002385E-23
 0.11615066E+04  0.54115756E-23
 0.11650792E+04  0.54229602E-23
 0.11686628E+04  0.54343925E-23
 0.11722575E+04  0.54458726E-23
 0.11758632E+04  0.54574006E-23
 0.11794800E+04  0.54689766E-23
 0.11831079E+04  0.54806008E-23
 0.11867469E+04  0.54922733E-23
 0.11903972E+04  0.55039943E-23
 0.11940587E+04  0.55157639E-23
 0.11977314E+04  0.55275823E-23
 0.12014155E+04  0.55394494E-23
 0.12051109E+04  0.55513656E-23
 0.12088176E+04  0.55633310E-23
 0.12125358E+04  0.55753456E-23
 0.12162654E+04  0.55874097E-23
 0.12200064E+04  0.55995233E-23
 0.12237590E+04  0.56116866E-23
 0.12275231E+04  0.56238998E-23
 0.12312988E+04  0.56361629E-23
 0.12350861E+04  0.56484762E-23
 0.12388850E+04  0.56608397E-23
 0.12426957E+04  0.56732536E-23
 0.12465180E+04  0.56857181E-23
 0.12503521E+04  0.56982332E-23
 0.12541981E+04  0.57107992E-23
 0.12580558E+04  0.57234161E-23
 0.12619254E+04  0.57360842E-23
 0.12658069E+04  0.57488035E-23
 0.12697003E+04  0.57615742E-23
 0.12736058E+04  0.57743965E-23
 0.12775232E+04  0.57872704E-23
 0.12814527E+04  0.58001962E-23
 0.12853942E+04  0.58131739E-23
 0.12893479E+04  0.58262038E-23
 0.12933138E+04  0.58392859E-23
 0.12972918E+04  0.58524205E-23
 0.13012821E+04  0.58656076E-23
 0.13052847E+04  0.58788474E-23
 0.13092995E+04  0.58921400E-23
 0.13133268E+04  0.59054857E-23
 0.13173664E+04  0.59188845E-23
 0.13214184E+04  0.59323366E-23
 0.13254829E+04  0.59458421E-23
 0.13295599E+04  0.59594012E-23
 0.13336494E+04  0.59730141E-23
 0.13377515E+04  0.59866808E-23
 0.13418663E+04  0.60004016E-23
 0.13459937E+04  0.60141766E-23
 0.13501337E+04  0.60280059E-23
 0.13542866E+04  0.60418897E-23
 0.13584522E+04  0.60558281E-23
 0.13626306E+04  0.60698213E-23
 0.13668218E+04  0.60838695E-23
 0.13710260E+04  0.60979728E-23
 0.13752431E+04  0.61121313E-23
 0.13794731E+04  0.61263452E-23
 0.13837162E+04  0.61406147E-23
 0.13879723E+04  0.61549399E-23
 0.13922415E+04  0.61693210E-23
 0.13965238E+04  0.61837581E-23
 0.14008193E+04  0.61982513E-23
 0.14051281E+04  0.62128009E-23
 0.14094500E+04  0.62274070E-23
 0.14137853E+04  0.62420697E-23
 0.14181339E+04  0.62567892E-23
 0.14224959E+04  0.62715657E-23
 0.14268713E+04  0.62863993E-23
 0.14312601E+04  0.63012902E-23
 0.14356625E+04  0.63162386E-23
 0.14400784E+04  0.63312445E-23
 0.14445079E+04  0.63463083E-23
 0.14489510E+04  0.63614300E-23
 0.14534077E+04  0.63766098E-23
 0.14578782E+04  0.63918480E-23
 0.14623624E+04  0.64071448E-23
 0.14668604E+04  0.64225005E-23
 0.14713723E+04  0.64379158E-23
 0.14758980E+04  0.64533921E-23
 0.14804377E+04  0.64689346E-23
 0.14849913E+04  0.64845844E-23
 0.14895589E+04  0.86189421E-23
 0.14941406E+04  0.65159432E-23
 0.14987364E+04  0.65316527E-23
 0.15033463E+04  0.65474708E-23
 0.15079703E+04  0.65633560E-23
 0.15126086E+04  0.65793035E-23
 0.15172612E+04  0.65953121E-23
 0.15219281E+04  0.66113816E-23
 0.15266093E+04  0.66275120E-23
 0.15313050E+04  0.66437034E-23
 0.15360150E+04  0.66599559E-23
 0.15407396E+04  0.66762696E-23
 0.15454787E+04  0.66926447E-23
 0.15502324E+04  0.67090813E-23
 0.15550007E+04  0.67255797E-23
 0.15597836E+04  0.67421399E-23
 0.15645813E+04  0.67587622E-23
 0.15693937E+04  0.67754467E-23
 0.15742210E+04  0.67921936E-23
 0.15790630E+04  0.68090031E-23
 0.15839200E+04  0.68258753E-23
 0.15887919E+04  0.68428104E-23
 0.15936788E+04  0.68598086E-23
 0.15985807E+04  0.68768701E-23
 0.16034978E+04  0.68939949E-23
 0.16084299E+04  0.69111834E-23
 0.16133772E+04  0.69284356E-23
 0.16183397E+04  0.69457518E-23
 0.16233175E+04  0.69631322E-23
 0.16283106E+04  0.69805768E-23
 0.16333190E+04  0.69980859E-23
 0.16383429E+04  0.70156597E-23
 0.16433822E+04  0.70332983E-23
 0.16484370E+04  0.70510020E-23
 0.16535074E+04  0.70687708E-23
 0.16585933E+04  0.70866051E-23
 0.16636949E+04  0.71045048E-23
 0.16688122E+04  0.71224704E-23
 0.16739452E+04  0.71405018E-23
 0.16790941E+04  0.71585994E-23
 0.16842587E+04  0.71767633E-23
 0.16894393E+04  0.71949936E-23
 0.16946357E+04  0.72132906E-23
 0.16998482E+04  0.72316544E-23
 0.17050767E+04  0.72500853E-23
 0.17103213E+04  0.72685833E-23
 0.17155820E+04  0.72871488E-23
 0.17208588E+04  0.73057818E-23
 0.17261520E+04  0.73244827E-23
 0.17314614E+04  0.73432514E-23
 0.17367871E+04  0.73620884E-23
 0.17421292E+04  0.73809936E-23
 0.17474877E+04  0.73999674E-23
 0.17528628E+04  0.74190100E-23
 0.17582543E+04  0.74381214E-23
 0.17636625E+04  0.74573019E-23
 0.17690872E+04  0.74765517E-23
 0.17745287E+04  0.74958710E-23
 0.17799869E+04  0.75152599E-23
 0.17854619E+04  0.75347188E-23
 0.17909537E+04  0.75542477E-23
 0.17964624E+04  0.75738468E-23
 0.18019881E+04  0.75935164E-23
 0.18075308E+04  0.76132567E-23
 0.18130905E+04  0.76330678E-23
 0.18186673E+04  0.76529499E-23
 0.18242612E+04  0.76729033E-23
 0.18298724E+04  0.76929281E-23
 0.18355008E+04  0.77130245E-23
 0.18411466E+04  0.77331928E-23
 0.18468097E+04  0.77534331E-23
 0.18524902E+04  0.77737456E-23
 0.18581882E+04  0.77941306E-23
 0.18639037E+04  0.78145882E-23
 0.18696368E+04  0.78351186E-23
 0.18753876E+04  0.78557221E-23
 0.18811560E+04  0.78763989E-23
 0.18869422E+04  0.78971490E-23
 0.18927461E+04  0.79179729E-23
 0.18985679E+04  0.79388706E-23
 0.19044077E+04  0.79598423E-23
 0.19102653E+04  0.79808884E-23
 0.19161411E+04  0.80020089E-23
 0.19220348E+04  0.80232041E-23
 0.19279467E+04  0.80444742E-23
 0.19338768E+04  0.80658194E-23
 0.19398252E+04  0.80872400E-23
 0.19457918E+04  0.81087361E-23
 0.19517768E+04  0.81303080E-23
 0.19577802E+04  0.81519559E-23
 0.19638020E+04  0.81736802E-23
 0.19698424E+04  0.81954814E-23
 0.19759013E+04  0.82173614E-23
 0.19819789E+04  0.82393425E-23
 0.19880752E+04  0.82614787E-23
 0.19941903E+04  0.82834563E-23
 0.20003241E+04  0.83056360E-23
 0.20064768E+04  0.83278976E-23
 0.20126484E+04  0.83502379E-23
 0.20188391E+04  0.83726566E-23
 0.20250487E+04  0.83951536E-23
 0.20312775E+04  0.84177293E-23
 0.20375254E+04  0.84403838E-23
 0.20437926E+04  0.84631173E-23
 0.20500790E+04  0.84859299E-23
 0.20563847E+04  0.85088220E-23
 0.20627099E+04  0.85317938E-23
 0.20690545E+04  0.85548454E-23
 0.20754186E+04  0.85779771E-23
 0.20818023E+04  0.86011892E-23
 0.20882056E+04  0.86244817E-23
 0.20946286E+04  0.86478551E-23
 0.21010714E+04  0.86713094E-23
 0.21075340E+04  0.86948450E-23
 0.21140165E+04  0.87184620E-23
 0.21205189E+04  0.87421607E-23
 0.21270413E+04  0.87659413E-23
 0.21335838E+04  0.87898040E-23
 0.21401464E+04  0.88137491E-23
 0.21467292E+04  0.88377769E-23
 0.21533322E+04  0.88618874E-23
 0.21599556E+04  0.88860810E-23
 0.21665993E+04  0.89103580E-23
 0.21732634E+04  0.89347184E-23
 0.21799481E+04  0.89591627E-23
 0.21866533E+04  0.89836909E-23
 0.21933791E+04  0.90083034E-23
 0.22001256E+04  0.90330004E-23
 0.22068929E+04  0.90577821E-23
 0.22136810E+04  0.90826488E-23
 0.22204900E+04  0.91076007E-23
 0.22273199E+04  0.91326380E-23
 0.22341708E+04  0.91577611E-23
 0.22410428E+04  0.91829700E-23
 0.22479359E+04  0.92082651E-23
 0.22548503E+04  0.92336467E-23
 0.22617859E+04  0.92591149E-23
 0.22687428E+04  0.92846700E-23
 0.22757211E+04  0.93103122E-23
 0.22827209E+04  0.93360419E-23
 0.22897422E+04  0.93618592E-23
 0.22967852E+04  0.93877644E-23
 0.23038497E+04  0.94137577E-23
 0.23109361E+04  0.94398395E-23
 0.23180442E+04  0.94660099E-23
 0.23251741E+04  0.94922691E-23
 0.23323261E+04  0.95186176E-23
 0.23395000E+04  0.95450554E-23
 0.23466959E+04  0.95715829E-23
 0.23539140E+04  0.95982003E-23
 0.23611543E+04  0.96249079E-23
 0.23684169E+04  0.96517059E-23
 0.23757018E+04  0.96785946E-23
 0.23830091E+04  0.97055743E-23
 0.23903389E+04  0.97326451E-23
 0.23976913E+04  0.97598074E-23
 0.24050662E+04  0.97870614E-23
 0.24124639E+04  0.98144074E-23
 0.24198843E+04  0.98418456E-23
 0.24273275E+04  0.98693764E-23
 0.24347936E+04  0.98969999E-23
 0.24422827E+04  0.99247165E-23
 0.24497948E+04  0.99525264E-23
 0.24573300E+04  0.99804300E-23
 0.24648884E+04  0.10008428E-22
 0.24724701E+04  0.10036520E-22
 0.24800750E+04  0.10064741E-22
 0.24877034E+04  0.10092993E-22
 0.24953552E+04  0.10121361E-22
 0.25030306E+04  0.10149830E-22
 0.25107295E+04  0.10178396E-22
 0.25184522E+04  0.10207058E-22
 0.25261986E+04  0.10235815E-22
 0.25339688E+04  0.10264669E-22
 0.25417630E+04  0.10293620E-22
 0.25495811E+04  0.10322667E-22
 0.25574232E+04  0.10351811E-22
 0.25652895E+04  0.10381053E-22
 0.25731799E+04  0.10410392E-22
 0.25810947E+04  0.10439830E-22
 0.25890338E+04  0.10469365E-22
 0.25969973E+04  0.10499000E-22
 0.26049852E+04  0.10528733E-22
 0.26129978E+04  0.10558565E-22
 0.26210350E+04  0.10588496E-22
 0.26290970E+04  0.10618527E-22
 0.26371837E+04  0.10648658E-22
 0.26452953E+04  0.10678889E-22
 0.26534318E+04  0.10709221E-22
 0.26615934E+04  0.10739653E-22
 0.26697801E+04  0.10770187E-22
 0.26779920E+04  0.10800821E-22
 0.26862291E+04  0.10831558E-22
 0.26944915E+04  0.10862397E-22
 0.27027794E+04  0.10893337E-22
 0.27110928E+04  0.10924381E-22
 0.27194317E+04  0.10955527E-22
 0.27277963E+04  0.10986776E-22
 0.27361866E+04  0.11018129E-22
 0.27446027E+04  0.11049586E-22
 0.27530448E+04  0.11081146E-22
 0.27615127E+04  0.11112811E-22
 0.27700067E+04  0.11144581E-22
 0.27785269E+04  0.11176455E-22
 0.27870732E+04  0.11208435E-22
 0.27956459E+04  0.11240520E-22
 0.28042449E+04  0.11272711E-22
 0.28128704E+04  0.11305009E-22
 0.28215223E+04  0.11337412E-22
 0.28302010E+04  0.11369923E-22
 0.28389062E+04  0.11402541E-22
 0.28476383E+04  0.11435266E-22
 0.28563972E+04  0.11468098E-22
 0.28651831E+04  0.11501039E-22
 0.28739960E+04  0.11534088E-22
 0.28828360E+04  0.11567246E-22
 0.28917032E+04  0.11600513E-22
 0.29005977E+04  0.11633889E-22
 0.29095195E+04  0.11667374E-22
 0.29184688E+04  0.11700970E-22
 0.29274456E+04  0.11734675E-22
 0.29364500E+04  0.11768492E-22
 0.29454821E+04  0.11802419E-22
 0.29545420E+04  0.11836457E-22
 0.29636297E+04  0.11870607E-22
 0.29727454E+04  0.11904872E-22
 0.29818892E+04  0.11939256E-22
 0.29910610E+04  0.11973730E-22
 0.30002611E+04  0.12008328E-22
 0.30094895E+04  0.12043041E-22
 0.30187463E+04  0.12077866E-22
 0.30280315E+04  0.12112806E-22
 0.30373453E+04  0.12147860E-22
 0.30466877E+04  0.12183028E-22
 0.30560589E+04  0.12218311E-22
 0.30654589E+04  0.12253709E-22
 0.30748878E+04  0.12289223E-22
 0.30843457E+04  0.12324852E-22
 0.30938327E+04  0.12360598E-22
 0.31033489E+04  0.12396460E-22
 0.31128944E+04  0.12432439E-22
 0.31224692E+04  0.12468535E-22
 0.31320735E+04  0.12504749E-22
 0.31417073E+04  0.12541080E-22
 0.31513708E+04  0.12577530E-22
 0.31610639E+04  0.12614098E-22
 0.31707869E+04  0.12650786E-22
 0.31805398E+04  0.12687592E-22
 0.31903227E+04  0.12724518E-22
 0.32001357E+04  0.12761564E-22
 0.32099788E+04  0.12798730E-22
 0.32198523E+04  0.12836017E-22
 0.32297561E+04  0.12873425E-22
 0.32396903E+04  0.12910954E-22
 0.32496552E+04  0.12948605E-22
 0.32596506E+04  0.12986378E-22
 0.32696769E+04  0.13024274E-22
 0.32797339E+04  0.13062292E-22
 0.32898219E+04  0.13100433E-22
 0.32999410E+04  0.13138698E-22
 0.33100911E+04  0.13177087E-22
 0.33202725E+04  0.13215600E-22
 0.33304852E+04  0.13254237E-22
 0.33407293E+04  0.13293000E-22
 0.33510049E+04  0.13331888E-22
 0.33613121E+04  0.13370901E-22
 0.33716510E+04  0.13410041E-22
 0.33820217E+04  0.13449307E-22
 0.33924243E+04  0.13488700E-22
 0.34028590E+04  0.13528220E-22
 0.34133257E+04  0.13567867E-22
 0.34238246E+04  0.13607643E-22
 0.34343558E+04  0.13647546E-22
 0.34449194E+04  0.13687579E-22
 0.34555154E+04  0.13727740E-22
 0.34661441E+04  0.13768032E-22
 0.34768055E+04  0.13808484E-22
 0.34874996E+04  0.13849004E-22
 0.34982267E+04  0.13889685E-22
 0.35089867E+04  0.13930497E-22
 0.35197799E+04  0.13971441E-22
 0.35306062E+04  0.14012517E-22
 0.35414659E+04  0.14053725E-22
 0.35523589E+04  0.14095065E-22
 0.35632855E+04  0.14136538E-22
 0.35742456E+04  0.14178145E-22
 0.35852395E+04  0.14219885E-22
 0.35962672E+04  0.14261759E-22
 0.36073288E+04  0.14303768E-22
 0.36184244E+04  0.14345912E-22
 0.36295542E+04  0.14388191E-22
 0.36407182E+04  0.14430606E-22
 0.36519165E+04  0.14473156E-22
 0.36631493E+04  0.14515844E-22
 0.36744166E+04  0.14558668E-22
 0.36857186E+04  0.14601629E-22
 0.36970553E+04  0.14644728E-22
 0.37084270E+04  0.14687966E-22
 0.37198336E+04  0.14731341E-22
 0.37312752E+04  0.14774856E-22
 0.37427521E+04  0.14818510E-22
 0.37542643E+04  0.14862304E-22
 0.37658119E+04  0.14906238E-22
 0.37773950E+04  0.14950313E-22
 0.37890137E+04  0.14994528E-22
 0.38006682E+04  0.15038885E-22
 0.38123585E+04  0.15083384E-22
 0.38240848E+04  0.15128025E-22
 0.38358471E+04  0.15172809E-22
 0.38476456E+04  0.15217736E-22
 0.38594804E+04  0.15262806E-22
 0.38713516E+04  0.15308021E-22
 0.38832594E+04  0.15353379E-22
 0.38952037E+04  0.15398883E-22
 0.39071848E+04  0.15444532E-22
 0.39192028E+04  0.15490326E-22
 0.39312577E+04  0.15536267E-22
 0.39433497E+04  0.15582354E-22
 0.39554788E+04  0.15628588E-22
 0.39676453E+04  0.15674971E-22
 0.39798493E+04  0.15721499E-22
 0.39920907E+04  0.15768176E-22
 0.40043698E+04  0.15815003E-22
 0.40166867E+04  0.15861978E-22
 0.40290414E+04  0.15909103E-22
 0.40414342E+04  0.15956378E-22
 0.40538651E+04  0.16003804E-22
 0.40663342E+04  0.16051381E-22
 0.40788417E+04  0.16099109E-22
 0.40913876E+04  0.16146989E-22
 0.41039721E+04  0.16195021E-22
 0.41165954E+04  0.16243206E-22
 0.41292574E+04  0.16291544E-22
 0.41419584E+04  0.16340036E-22
 0.41546985E+04  0.16388682E-22
 0.41674778E+04  0.16437482E-22
 0.41802963E+04  0.16486438E-22
 0.41931543E+04  0.16535549E-22
 0.42060519E+04  0.16584816E-22
 0.42189891E+04  0.16634240E-22
 0.42319661E+04  0.16683820E-22
 0.42449830E+04  0.16733558E-22
 0.42580400E+04  0.16783454E-22
 0.42711371E+04  0.16833508E-22
 0.42842745E+04  0.16883720E-22
 0.42974524E+04  0.16934092E-22
 0.43106707E+04  0.16984624E-22
 0.43239297E+04  0.17035316E-22
 0.43372295E+04  0.17086169E-22
 0.43505702E+04  0.17137183E-22
 0.43639519E+04  0.17188358E-22
 0.43773748E+04  0.17239696E-22
 0.43908390E+04  0.17291196E-22
 0.44043446E+04  0.17342860E-22
 0.44178918E+04  0.17394687E-22
 0.44314806E+04  0.17446678E-22
 0.44451112E+04  0.17498833E-22
 0.44587837E+04  0.17551154E-22
 0.44724983E+04  0.17603641E-22
 0.44862551E+04  0.17656293E-22
 0.45000541E+04  0.17709111E-22
 0.45138957E+04  0.17762097E-22
 0.45277798E+04  0.17815251E-22
 0.45417066E+04  0.17868572E-22
 0.45556762E+04  0.17922062E-22
 0.45696888E+04  0.17975722E-22
 0.45837446E+04  0.18029550E-22
 0.45978435E+04  0.18083549E-22
 0.46119858E+04  0.18137719E-22
 0.46261716E+04  0.18192059E-22
 0.46404011E+04  0.18246571E-22
 0.46546743E+04  0.18301255E-22
 0.46689914E+04  0.18356112E-22
 0.46833526E+04  0.18411142E-22
 0.46977579E+04  0.18466346E-22
 0.47122075E+04  0.18521724E-22
 0.47267016E+04  0.18577277E-22
 0.47412403E+04  0.18633004E-22
 0.47558236E+04  0.18688908E-22
 0.47704519E+04  0.18744988E-22
 0.47851251E+04  0.18801245E-22
 0.47998435E+04  0.18857679E-22
 0.48146071E+04  0.18914291E-22
 0.48294162E+04  0.18971082E-22
 0.48442708E+04  0.19028051E-22
 0.48591711E+04  0.19085200E-22
 0.48741172E+04  0.19142529E-22
 0.48891093E+04  0.19200038E-22
 0.49041475E+04  0.19257729E-22
 0.49192319E+04  0.19315601E-22
 0.49343628E+04  0.19373656E-22
 0.49495402E+04  0.19431893E-22
 0.49647643E+04  0.19490450E-22
 0.49800352E+04  0.19548919E-22
 0.49953531E+04  0.19607707E-22
 0.50107181E+04  0.19666681E-22
 0.50261303E+04  0.19725841E-22
 0.50415900E+04  0.19785186E-22
 0.50570972E+04  0.19844718E-22
 0.50726521E+04  0.19904438E-22
 0.50882549E+04  0.19964345E-22
 0.51039056E+04  0.20024440E-22
 0.51196045E+04  0.20084725E-22
 0.51353517E+04  0.20145198E-22
 0.51511473E+04  0.20205862E-22
 0.51669915E+04  0.20266717E-22
 0.51828844E+04  0.20327762E-22
 0.51988262E+04  0.20389000E-22
 0.52148171E+04  0.20450430E-22
 0.52308571E+04  0.20512052E-22
 0.52469465E+04  0.20573869E-22
 0.52630854E+04  0.20635879E-22
 0.52792739E+04  0.20698084E-22
 0.52955122E+04  0.20760484E-22
 0.53118004E+04  0.20823080E-22
 0.53281387E+04  0.20885873E-22
 0.53445273E+04  0.20948862E-22
 0.53609663E+04  0.21012049E-22
 0.53774559E+04  0.21075435E-22
 0.53939962E+04  0.21139019E-22
 0.54105874E+04  0.21202803E-22
 0.54272296E+04  0.21266786E-22
 0.54439230E+04  0.21330970E-22
 0.54606677E+04  0.21576117E-22
 0.54774639E+04  0.21459943E-22
 0.54943118E+04  0.21524733E-22
 0.55112116E+04  0.21589726E-22
 0.55281633E+04  0.21654922E-22
 0.55451671E+04  0.21720323E-22
 0.55622233E+04  0.21785929E-22
 0.55793319E+04  0.21851740E-22
 0.55964931E+04  0.21917757E-22
 0.56137071E+04  0.21983981E-22
 0.56309741E+04  0.22050413E-22
 0.56482942E+04  0.22117052E-22
 0.56656675E+04  0.22183900E-22
 0.56830943E+04  0.22250958E-22
 0.57005747E+04  0.22318225E-22
 0.57181088E+04  0.22385703E-22
 0.57356969E+04  0.22453392E-22
 0.57533391E+04  0.22521293E-22
 0.57710356E+04  0.22589406E-22
 0.57887865E+04  0.22657733E-22
 0.58065919E+04  0.22726273E-22
 0.58244522E+04  0.22795027E-22
 0.58423674E+04  0.22863997E-22
 0.58603377E+04  0.22933182E-22
 0.58783632E+04  0.23002584E-22
 0.58964443E+04  0.23072203E-22
 0.59145809E+04  0.23142039E-22
 0.59327733E+04  0.23212093E-22
 0.59510217E+04  0.23282367E-22
 0.59693262E+04  0.23352860E-22
 0.59876870E+04  0.23423574E-22
 0.60061042E+04  0.23494508E-22
 0.60245781E+04  0.23565664E-22
 0.60431089E+04  0.23637043E-22
 0.60616966E+04  0.23708644E-22
 0.60803416E+04  0.23780469E-22
 0.60990438E+04  0.23852518E-22
 0.61178036E+04  0.23924793E-22
 0.61366211E+04  0.23997293E-22
 0.61554965E+04  0.24070019E-22
 0.61744299E+04  0.24142973E-22
 0.61934216E+04  0.24216154E-22
 0.62124717E+04  0.24289564E-22
 0.62315804E+04  0.24363203E-22
 0.62507478E+04  0.24437071E-22
 0.62699742E+04  0.24511171E-22
 0.62892598E+04  0.24585501E-22
 0.63086046E+04  0.24660064E-22
 0.63280090E+04  0.24734859E-22
 0.63474731E+04  0.24809887E-22
 0.63669970E+04  0.24885149E-22
 0.63865810E+04  0.24960646E-22
 0.64062252E+04  0.25036379E-22
 0.64259298E+04  0.25112348E-22
 0.64456951E+04  0.25188554E-22
 0.64655211E+04  0.25264997E-22
 0.64854081E+04  0.25341678E-22
 0.65053563E+04  0.25418599E-22
 0.65253659E+04  0.25495760E-22
 0.65454370E+04  0.25573161E-22
 0.65655698E+04  0.25650803E-22
 0.65857646E+04  0.25728687E-22
 0.66060215E+04  0.25806814E-22
 0.66263406E+04  0.25885184E-22
 0.66467223E+04  0.25963799E-22
 0.66671667E+04  0.26042658E-22
 0.66876740E+04  0.26121763E-22
 0.67082443E+04  0.26201115E-22
 0.67288779E+04  0.26280714E-22
 0.67495750E+04  0.26360560E-22
 0.67703357E+04  0.26440656E-22
 0.67911603E+04  0.26521000E-22
 0.68120489E+04  0.26601595E-22
 0.68330018E+04  0.26682441E-22
 0.68540192E+04  0.26763539E-22
 0.68751012E+04  0.26844889E-22
 0.68962480E+04  0.26926492E-22
 0.69174599E+04  0.27008349E-22
 0.69387370E+04  0.27090462E-22
 0.69600796E+04  0.27172829E-22
 0.69814878E+04  0.27255453E-22
 0.70029619E+04  0.27338334E-22
 0.70245020E+04  0.27421473E-22
 0.70461083E+04  0.27504871E-22
 0.70677812E+04  0.27588528E-22
 0.70895207E+04  0.27672445E-22
 0.71113270E+04  0.27756624E-22
 0.71332004E+04  0.27841064E-22
 0.71551412E+04  0.27925767E-22
 0.71771494E+04  0.28010733E-22
 0.71992252E+04  0.28095963E-22
 0.72213690E+04  0.28181459E-22
 0.72435809E+04  0.28267220E-22
 0.72658612E+04  0.28353248E-22
 0.72882099E+04  0.28439544E-22
 0.73106274E+04  0.28526108E-22
 0.73331139E+04  0.28612941E-22
 0.73556695E+04  0.28700043E-22
 0.73782945E+04  0.28787417E-22
 0.74009891E+04  0.28875062E-22
 0.74237535E+04  0.28962979E-22
 0.74465879E+04  0.29051171E-22
 0.74694925E+04  0.29139635E-22
 0.74924676E+04  0.29228374E-22
 0.75155134E+04  0.29317390E-22
 0.75386300E+04  0.29406682E-22
 0.75618178E+04  0.29496251E-22
 0.75850769E+04  0.29586099E-22
 0.76084075E+04  0.29676225E-22
 0.76318099E+04  0.29766632E-22
 0.76552842E+04  0.29857319E-22
 0.76788308E+04  0.29948288E-22
 0.77024498E+04  0.30039540E-22
 0.77261414E+04  0.30131074E-22
 0.77499060E+04  0.30222894E-22
 0.77737436E+04  0.30314998E-22
 0.77976545E+04  0.30407388E-22
 0.78216390E+04  0.30500065E-22
 0.78456972E+04  0.30593030E-22
 0.78698295E+04  0.30686283E-22
 0.78940359E+04  0.30779826E-22
 0.79183169E+04  0.30873659E-22
 0.79426725E+04  0.30967784E-22
 0.79671030E+04  0.31062200E-22
 0.79916087E+04  0.31156909E-22
 0.80161898E+04  0.31251913E-22
 0.80408464E+04  0.31347211E-22
 0.80655789E+04  0.31442805E-22
 0.80903875E+04  0.31538695E-22
 0.81152724E+04  0.31634883E-22
 0.81402338E+04  0.31731370E-22
 0.81652720E+04  0.31828155E-22
 0.81903872E+04  0.31925241E-22
 0.82155797E+04  0.32022629E-22
 0.82408496E+04  0.32120318E-22
 0.82661973E+04  0.32218310E-22
 0.82916230E+04  0.32316606E-22
 0.83171268E+04  0.32415207E-22
 0.83427091E+04  0.32514114E-22
 0.83683701E+04  0.32613327E-22
 0.83941100E+04  0.32712848E-22
 0.84199291E+04  0.32812678E-22
 0.84458276E+04  0.32912817E-22
 0.84718058E+04  0.33013267E-22
 0.84978639E+04  0.33114028E-22
 0.85240021E+04  0.33215101E-22
 0.85502207E+04  0.33316488E-22
 0.85765200E+04  0.33418189E-22
 0.86029001E+04  0.33520205E-22
 0.86293614E+04  0.33622538E-22
 0.86559041E+04  0.33725187E-22
 0.86825285E+04  0.33828155E-22
 0.87092347E+04  0.33931442E-22
 0.87360231E+04  0.34035049E-22
 0.87628938E+04  0.34138977E-22
 0.87898472E+04  0.34243227E-22
 0.88168836E+04  0.34347800E-22
 0.88440030E+04  0.34452697E-22
 0.88712059E+04  0.34557919E-22
 0.88984925E+04  0.34663467E-22
 0.89258630E+04  0.34769342E-22
 0.89533177E+04  0.34875545E-22
 0.89808568E+04  0.34982076E-22
 0.90084807E+04  0.35088938E-22
 0.90361895E+04  0.35196131E-22
 0.90639835E+04  0.35303656E-22
 0.90918630E+04  0.35411514E-22
 0.91198283E+04  0.35519706E-22
 0.91478796E+04  0.35628233E-22
 0.91760172E+04  0.35737096E-22
 0.92042413E+04  0.35846296E-22
 0.92325522E+04  0.35955834E-22
 0.92609503E+04  0.36065712E-22
 0.92894356E+04  0.36175930E-22
 0.93180086E+04  0.36286488E-22
 0.93466695E+04  0.36397390E-22
 0.93754185E+04  0.36508634E-22
 0.94042560E+04  0.36620223E-22
 0.94331821E+04  0.36732157E-22
 0.94621973E+04  0.36844438E-22
 0.94913016E+04  0.36957067E-22
 0.95204955E+04  0.37070044E-22
 0.95497792E+04  0.37183370E-22
 0.95791530E+04  0.37297048E-22
 0.96086171E+04  0.37411077E-22
 0.96381718E+04  0.37525459E-22
 0.96678175E+04  0.37640195E-22
 0.96975543E+04  0.37755286E-22
 0.97273826E+04  0.37870733E-22
 0.97573027E+04  0.37986538E-22
 0.97873147E+04  0.38102701E-22
 0.98174191E+04  0.38219226E-22
 0.98476161E+04  0.38336114E-22
 0.98779060E+04  0.38453363E-22
 0.99082890E+04  0.38570975E-22
 0.99387655E+04  0.38688951E-22
 0.99693357E+04  0.38807292E-22
 0.10000000E+05  0.38925999E-22
